1 2985
10 1389
100 542
1000 815
10000 595
10002 192
10005 1350
10008 364
10011 823
10014 761
10015 731
10018 451
10023 349
10025 573
10027 417
1003 488
10032 261
10035 155
10037 247
10038 726
10040 439
10041 902
10042 269
10043 1214
10046 471
10048 689
10049 2168
10050 173
10052 305
10053 197
10054 655
10057 478
10058 334
10061 116
10062 555
10064 107
10065 175
10066 581
10067 614
10068 356
1007 310
10071 764
10073 1118
10074 129
10075 119
10076 132
10078 2961
10079 155
1008 565
10080 4407
10081 1094
10083 455
10085 192
10086 295
10088 303
10089 479
1009 133
10090 357
10091 2955
10092 127
10094 422
10095 1071
10096 372
10097 532
10098 396
10099 229
101 27
1010 350
10100 1401
10102 321
10105 767
10106 2430
10107 709
10108 178
10109 134
1011 800
10110 962
10112 276
10114 757
10115 237
10119 312
10120 517
10122 1789
10124 2964
10128 429
10129 452
1013 251
10130 463
10135 1265
10136 27
10139 733
10140 1042
10146 644
1015 803
10151 490
10153 137
10154 141
10155 493
10156 340
10158 470
1016 361
10162 122
10163 298
10165 516
10168 2272
1017 159
10171 396
10172 555
10173 581
10174 413
10175 2205
10176 153
10177 175
10178 159
10180 312
10181 300
10183 547
10185 372
10186 114
1019 2519
10190 1838
10191 1290
10192 1928
10196 246
10197 610
102 27
1020 582
10200 683
10201 157
10207 283
10208 404
10209 1553
10211 395
10213 657
10214 1250
10215 121
10216 1240
10218 575
10219 1238
1022 1575
10222 849
10224 325
10225 512
10227 258
10228 2810
1023 633
10230 2645
10231 177
10233 1548
10235 196
10237 179
10238 713
1024 649
10240 131
10242 118
10243 200
10245 607
10246 3731
10253 615
10254 493
10255 3373
10258 636
1026 1888
10260 157
10261 1087
10262 294
10263 129
10264 1877
10265 876
10268 4753
10272 1319
10275 1336
10277 163
10280 555
10281 141
10282 543
10283 175
10284 1011
10285 1430
10289 643
1029 431
10291 3240
10292 2482
10294 165
10295 163
10297 2037
10299 917
103 27
1030 598
10300 469
10302 1234
10305 559
10306 4685
10308 589
10310 639
10311 3111
10313 1326
10314 454
10315 550
10318 670
10319 1045
1032 493
10321 514
10322 544
10323 121
10324 540
10328 1193
1033 241
10330 484
10332 317
10334 1029
10335 1239
10337 131
10338 295
10339 819
10340 1284
10341 2111
10342 1114
10344 5170
10347 1638
10348 633
10349 767
1035 171
10352 876
10354 653
10355 4303
10356 469
10357 764
10358 1008
10359 656
1036 1313
10361 1841
10362 175
10364 589
10367 2464
10368 115
10370 113
10371 573
10372 614
10373 1652
10375 3638
10376 1743
10377 504
10381 596
10382 1830
10384 153
10385 2312
10387 321
10388 640
1039 350
10390 143
10391 275
10393 597
10394 407
10395 3718
10397 125
10398 2106
10399 135
104 952
1040 512
10401 95
10402 140
10403 2433
10404 644
10406 1706
10411 369
10412 159
10414 564
10416 609
10418 602
10419 444
10423 850
10427 229
10429 351
10430 546
10431 130
10432 477
10434 765
10435 843
10436 629
10439 122
1044 979
10440 626
10442 435
10444 644
10445 2406
10446 353
10447 290
10449 514
10452 1143
10453 327
10454 149
10455 5287
10458 338
10459 231
10462 948
10464 437
10467 485
1047 1265
10470 1805
10471 121
10472 1025
10473 2698
10475 661
10478 135
10484 133
10485 631
10487 1494
10489 408
1049 159
10491 137
10494 1257
10498 671
10499 341
105 2297
1050 203
10500 156
10503 355
10505 1737
10506 381
10508 469
10509 291
10515 406
10518 609
10519 1866
1052 836
10520 781
10521 843
10524 135
10527 726
10529 155
10530 1089
10531 1817
10532 323
10534 387
10536 161
10537 3650
10538 356
10539 1179
10541 462
10542 129
10544 1020
10545 1068
10546 2755
10547 432
10548 1740
10551 586
10553 1899
10555 1270
10556 416
10559 671
10561 352
10563 1208
10564 252
10565 122
10566 306
10567 1071
10569 1567
1057 339
10573 267
10576 145
1058 151
10581 591
10582 2655
10584 1006
10585 131
10586 708
10587 137
10588 1185
1059 540
10590 298
10592 155
10593 3939
10594 611
10596 418
10597 252
10598 318
10599 248
106 173
10600 439
10601 305
10602 181
10604 930
10606 2077
10608 1692
10609 209
10610 206
10611 243
10612 301
10613 290
10615 553
10616 723
10617 3783
10618 1602
10619 390
10620 616
10621 1872
10622 1655
10623 3631
10625 561
10627 2221
1063 261
10632 1568
10633 1650
10634 502
10636 1024
10638 653
10640 1527
10641 1127
10642 3026
10643 2361
10644 1141
10648 2573
1065 125
10650 133
10651 161
10652 107
10653 173
10654 588
10657 139
10658 161
10659 888
1066 128
10660 609
10661 1328
10662 719
10665 1255
10669 27
1067 1218
10674 1233
10676 2335
10678 610
10679 157
1068 830
10681 179
10682 496
10684 1118
10685 151
10687 1282
10688 572
10689 4961
1069 1085
10692 143
10693 2177
10694 1528
10695 3108
10696 1579
10699 358
1070 243
10701 1312
10702 1174
10703 1918
10704 2482
10705 1173
10708 596
10709 630
1071 345
10710 627
10712 560
10714 404
10715 920
10717 1337
10718 1198
1072 645
10720 1077
10721 964
10724 453
10729 2699
10731 121
10734 1857
10736 677
10737 1826
10738 598
1074 506
10742 561
10743 1665
10744 1823
10746 961
10748 1773
10749 737
10750 699
10751 854
10752 634
10754 1116
10755 286
10756 911
10757 1193
10758 383
1076 1015
10760 4496
10762 1118
10766 677
10767 1285
10768 1325
10769 888
1077 686
10770 592
10771 4961
10773 1857
10774 1327
10779 3014
1078 614
10780 5546
10781 1255
10782 498
10784 3210
10786 419
10787 363
10788 578
1079 831
10790 632
10794 523
10796 357
10797 2071
108 131
1080 1431
10803 343
10804 1718
10805 436
10807 1579
10808 737
10809 3306
10811 714
10815 153
10816 857
10817 305
1082 609
10822 1321
10825 1303
10826 1243
10827 1047
10830 3059
10831 638
10832 492
10833 232
10834 368
10839 310
1084 1358
10840 583
10841 583
10843 673
10844 209
10845 710
10847 485
10848 279
10849 214
1085 901
10851 346
10853 321
10855 219
10856 535
10857 207
10859 117
10860 502
10864 355
10867 999
10868 513
1087 254
10870 413
10871 145
10872 517
10873 710
10874 230
10876 989
10877 629
10879 285
1088 944
10882 642
10883 589
10884 277
10885 141
10886 486
10887 907
10891 217
10892 286
10893 1016
10894 361
10895 840
10897 216
10899 278
109 2746
1090 126
10901 600
10902 3189
10903 681
10904 931
10905 3696
10907 324
10908 531
10909 573
1091 127
10913 447
10917 245
10918 1014
10919 649
10921 189
10922 335
10923 506
10924 169
10925 563
10926 243
10928 661
10931 5162
1094 1059
10941 376
10943 299
10944 1029
10946 218
10947 3298
10950 453
10956 1246
10959 2422
1096 372
10960 280
10961 334
10962 348
10963 277
10964 676
10966 284
10969 813
10971 437
10972 178
10973 649
10974 421
10978 1097
10980 314
10983 154
10985 503
10988 526
10989 484
1099 751
10992 454
10994 793
10998 602
10999 409
11 339
110 3818
1100 1038
11000 2681
11006 153
11007 2214
1101 533
11012 175
11015 663
11018 243
11019 279
1102 511
11025 1227
11027 200
11028 440
11029 1697
1103 1086
11030 472
11031 870
11034 429
11035 567
11036 235
11039 548
1104 564
11040 592
11041 737
11043 739
11046 386
11047 369
11048 499
11049 704
1105 796
11051 333
11052 165
11056 580
11057 110
11058 410
11059 503
11060 432
11063 701
11064 1211
11065 313
11066 117
11070 566
11071 850
11074 2268
11076 2334
11078 668
1108 318
11083 5708
11085 506
11086 331
11087 706
11088 288
1109 113
11090 172
11091 774
11093 677
11095 440
11098 123
111 561
1110 1780
11100 590
11101 1009
11102 2239
11103 667
11104 456
11105 598
11106 629
11107 909
11109 268
1111 397
11111 421
11112 181
11113 261
11115 127
11118 2276
11119 689
1112 1295
11120 1361
11121 604
11123 4236
11124 1389
11126 358
11127 137
11128 165
11132 282
11133 227
11134 351
11135 2074
11136 649
11137 1864
11139 163
11143 603
11144 2329
11145 955
11149 1978
11153 183
11154 134
11156 262
11158 27
11159 161
11160 1544
11161 1472
11162 131
11163 1203
11164 117
11166 402
11168 593
1117 145
11170 571
11171 1275
11173 472
11174 881
11175 3200
11177 3522
11179 1099
1118 665
11181 1754
11183 984
11185 310
11190 920
11191 497
11192 1145
11193 252
11196 962
11197 563
11198 4320
1120 117
11200 624
11201 509
11202 1146
11203 2762
11205 532
11208 535
11209 1749
11210 690
11211 548
11212 619
11213 3686
11216 678
1122 202
11220 976
11221 503
11222 1163
11224 8898
11225 4334
11227 448
11228 512
11229 27
1123 395
11230 638
11231 1314
11232 1369
11233 231
11234 3718
11236 1661
11237 1558
11238 619
11239 1285
1124 322
11241 549
11242 657
11243 1769
11244 1030
11249 949
1125 355
11251 690
11252 656
11253 1492
11254 1727
11255 619
11256 358
11257 535
11259 157
11260 1322
11261 1685
11263 604
11265 2186
11268 395
11269 602
11270 688
11271 637
11272 825
11273 2201
11274 435
11276 225
11277 121
11278 830
11279 1211
1128 233
11281 747
11282 274
11283 142
11284 309
11285 1220
11287 1331
11289 113
11291 1582
11292 2702
11295 177
11297 968
11299 1876
113 508
11300 283
11301 549
11302 473
11305 478
11306 327
11307 271
11308 325
1131 1350
11314 694
11315 635
11316 693
11317 292
11320 693
11322 993
11324 1156
11327 2280
11330 3103
11333 430
11335 503
11336 325
11338 253
1134 327
11340 181
11341 1144
11343 1531
11344 1137
11348 526
11349 1818
1135 172
11350 2522
11352 1730
11354 358
11356 570
11357 660
11358 844
11359 511
11362 556
11365 1169
11369 263
1137 457
11370 570
11371 266
11372 838
11373 669
11374 1154
11377 219
11378 621
11379 541
1138 870
11380 784
11381 568
11384 129
11385 705
11386 1007
11387 1322
11388 1789
11390 1099
11392 1411
11393 294
11394 167
11395 907
11396 525
11397 1695
11399 792
11400 627
11402 584
11403 1023
11405 370
11406 1502
11407 416
11413 721
11415 416
11416 702
11417 163
11418 1269
11420 165
11421 159
11422 117
11424 181
11425 355
11427 1148
11428 308
11429 184
1143 51
11430 927
11431 557
11433 203
11435 288
11436 871
11437 838
11440 620
11441 406
11443 317
11444 569
11445 576
11446 438
11447 1580
11449 564
11450 540
11451 997
11452 411
11455 819
11459 1793
11460 696
11461 638
11462 805
11464 643
11465 469
11466 864
11468 732
11469 179
1147 568
11470 298
11475 396
11476 206
11477 284
11478 171
11479 281
1148 786
11481 163
11484 296
11487 3306
11488 153
11490 4479
11491 1908
11492 2918
11494 269
11496 159
11497 1035
11498 2872
11499 245
11500 124
11501 169
11503 175
11504 5125
11505 1017
11506 433
11507 654
11508 667
1151 173
11510 435
11514 651
11515 427
11519 816
1152 1499
11522 845
11523 534
11526 663
11527 308
11528 294
11529 205
1153 1837
11536 1048
11539 945
1154 438
11540 500
11541 1166
11543 508
11544 606
11545 1834
11546 480
11549 253
11550 310
11551 547
11553 313
11554 117
11555 1419
11558 648
11559 672
1156 1324
11563 655
11564 237
11565 149
11566 632
11567 352
11568 539
11569 422
1157 185
11570 206
11571 112
11572 113
11574 1673
11575 1253
11578 159
11579 489
1158 307
11580 1498
11584 147
11587 1296
11588 380
1159 910
11597 588
11598 286
11599 1421
1160 468
11602 1324
11607 187
11608 189
11609 185
11610 121
11611 181
11612 171
11614 158
11617 525
11619 349
11621 177
11622 163
11623 369
11625 893
11627 605
11628 115
11629 238
11630 703
11632 648
11633 458
11634 27
11635 359
11636 333
11637 1828
11638 614
11639 1874
1164 169
11640 1218
11643 408
11644 406
11645 556
11649 1093
11655 568
11657 326
11658 621
11660 131
11661 2102
11663 1630
11664 142
11665 586
11666 271
11667 263
11668 171
1167 147
11671 660
11674 575
11679 397
11682 151
11683 382
11684 303
11685 556
11687 150
11689 142
1169 228
11690 729
11694 522
11696 315
11697 135
11699 181
1170 121
11700 378
11701 147
11702 137
11705 451
11706 937
11707 668
11708 618
11711 4112
11713 918
11714 681
11716 157
11717 1908
11721 353
11722 641
11723 607
11724 306
11725 666
11726 819
11727 190
11728 261
11729 316
1173 561
11730 249
11731 153
11733 197
11734 2759
11736 139
11738 495
11739 2876
1174 610
11743 908
11744 481
11746 4446
11748 689
11750 150
11751 452
11752 3635
11753 5091
11754 394
11755 608
11756 129
11758 371
1176 402
11762 149
11763 2900
11764 123
11765 1111
11767 204
11768 4841
11769 1979
1177 237
11771 1317
11772 149
11773 4335
11774 446
11775 474
11776 2360
11778 577
1178 377
11783 581
11787 382
11789 604
11790 153
11791 699
11793 746
11794 680
11795 941
11798 536
11801 1012
11802 439
11808 550
1181 602
11811 427
11812 382
11813 2254
11815 527
11816 1089
11817 1192
1182 260
11820 1808
11821 181
11822 1026
11825 191
11826 692
11829 991
11830 3107
11831 1854
11832 299
11833 605
11834 430
11836 649
11837 668
11839 1109
1184 860
11840 952
11841 958
11843 2474
11844 581
11847 714
11848 1192
1185 307
11850 821
11852 1109
11854 407
11855 331
11856 133
11858 602
11859 613
11860 610
11861 1271
11862 430
11863 2655
11864 231
11866 1625
11867 608
11871 169
11872 638
11873 676
11876 171
11877 539
11878 579
11879 132
1188 539
11880 697
11882 3147
11883 552
11884 504
11885 1710
11886 655
11888 1019
11891 1697
11892 735
11893 1001
11894 503
11895 571
11896 328
11898 702
11900 388
11903 171
11904 320
11905 159
11907 353
11908 126
11909 388
1191 404
11910 951
11911 733
11913 274
11914 3503
11915 521
11916 848
11918 1254
1192 196
11920 467
11923 238
11925 597
1193 1918
11930 121
11932 883
11933 548
11934 220
11935 209
11936 1567
11938 145
11939 800
11940 171
11941 496
11944 293
11945 190
11946 644
11947 167
11949 1504
11953 1061
11954 603
11957 1405
11958 203
11960 182
11961 649
11962 895
11964 1229
11966 295
11967 467
11968 690
1197 1805
11970 305
11972 467
11976 251
11977 144
11978 157
11979 452
1198 1079
11980 312
11981 461
11982 574
11983 556
11984 1462
11989 137
11990 383
11993 194
11994 125
11996 396
11997 576
11999 551
12 863
1200 652
12001 218
12002 4359
12003 366
12005 212
12007 535
12008 193
12009 620
1201 1237
12010 244
12011 4243
12014 174
12016 496
12017 258
12018 113
12019 133
12022 261
12024 200
12027 476
12028 395
1203 626
12031 663
12032 165
12033 452
12035 166
12036 119
12040 492
12042 296
12044 1864
12045 324
12046 518
12048 690
12049 676
1205 248
12050 1144
12052 1126
12053 690
12054 579
12055 758
12059 626
12061 235
12063 124
12064 165
12067 182
12068 687
1207 820
12073 1085
12076 185
12077 727
12078 456
12079 357
1208 1796
12080 623
12081 666
12083 1142
12084 1975
12085 349
12087 458
1209 526
12091 323
12093 427
12094 289
12098 244
121 695
1210 1711
12101 458
12102 185
12106 412
1211 1362
12110 398
12112 172
12114 196
12115 806
12117 365
12119 124
1212 1788
12121 1864
12122 1193
12125 254
12127 1603
12128 124
1213 2088
12131 210
12132 1032
12133 399
12135 854
12136 5079
12138 1130
12139 183
12140 141
12145 1253
12146 2639
12147 484
12149 413
1215 1144
12150 258
12152 893
12153 269
12154 362
12155 181
12156 2025
12159 761
1216 301
12160 3726
12161 911
12162 403
12163 139
12164 484
12166 687
12169 224
1217 359
12171 347
12172 224
12173 819
12174 926
12176 282
12177 173
12178 1243
12179 574
12182 284
12183 354
12184 125
12185 117
12186 565
12187 247
12191 475
12192 825
12195 3996
12197 1609
1220 545
12201 746
12202 409
12203 2450
12204 183
12205 458
12207 223
12208 3652
12209 4502
12211 210
12213 578
12215 213
12216 795
12219 303
12221 650
12222 198
12223 264
12224 1384
12225 697
12226 324
12227 114
12229 193
12231 258
12235 180
12236 641
12237 530
12239 350
12240 549
12243 472
12244 363
12246 210
12249 1432
1225 188
12250 1445
12251 123
12254 1465
12255 365
12257 388
12258 511
12259 428
1226 1135
12260 166
12261 1652
12266 395
12267 163
12269 359
12270 633
12271 168
12274 157
12275 479
12276 579
12278 353
1228 571
12281 1264
12283 163
12285 149
12286 901
12288 244
1229 326
12293 175
12294 382
12296 321
12298 437
123 789
12301 316
12302 244
12303 173
12304 126
12305 1218
12306 491
12309 571
12311 668
12312 163
12313 272
12315 562
12316 232
12317 768
12318 1343
12321 410
12323 1035
12325 617
12327 174
12331 565
12332 731
12333 1182
12334 237
12336 205
12337 2900
12338 600
12339 664
1234 122
12340 2355
12341 455
12344 503
12345 404
12346 213
12348 438
12350 574
12351 463
12352 133
12353 224
12355 3082
12356 583
12361 897
12362 287
12364 261
12366 51
12368 620
12371 51
12372 3824
12374 502
12375 413
12376 734
12378 815
12379 284
1238 500
12380 264
12382 269
12383 1173
12386 221
12389 1215
1239 140
12390 1505
12391 386
12394 3355
12395 1741
12396 1862
12397 3221
12398 629
12399 1422
124 438
12400 917
12401 1237
12403 173
12404 1335
12406 807
12407 2591
12408 157
12409 3351
12410 588
12411 163
12413 601
12415 595
12416 1271
12417 787
12418 1211
12420 2527
12421 173
12422 1467
12423 1898
12424 814
12425 580
12426 1519
12428 583
12429 1240
1243 413
12432 2801
12433 143
12435 1266
12436 663
12437 632
12439 494
1244 127
12441 805
12442 1541
12443 3275
12447 4091
12448 153
12449 1999
1245 584
12453 669
12454 1571
12455 97
12456 298
12457 1647
12458 558
1246 1380
12460 1250
12461 1579
12462 219
12463 877
12464 414
12465 615
12466 2009
12468 1189
12469 629
12470 487
12471 298
12472 1737
12473 1647
12480 526
12483 196
12484 909
12485 1131
12487 1881
12488 1612
12489 538
12490 1116
12492 395
12494 607
12495 157
125 663
12500 431
12501 465
12503 500
12504 673
12505 241
12506 313
12507 476
12508 159
12509 184
1251 515
12511 139
12512 539
12514 145
12515 718
12516 286
12517 345
1252 3108
12520 279
12521 3149
12522 253
12523 272
12524 659
12525 584
12529 628
12530 131
12531 478
12532 1049
12533 1064
12534 450
12538 207
12540 195
12543 380
12545 151
12546 657
12549 187
12550 1002
12551 289
12554 589
12555 707
12557 613
12558 171
12559 569
12562 569
12563 1233
12564 681
12569 303
1257 775
12570 322
12571 231
12572 318
12573 634
12574 1099
12576 1128
12579 361
1258 740
12580 125
12583 369
12585 320
12587 808
12588 167
12592 286
12593 163
126 290
1260 595
1263 1159
1264 117
1265 279
1268 181
1269 2704
127 587
1271 298
1272 2230
12728 706
1273 282
12731 662
12732 1315
12737 681
12741 626
12743 1534
12745 465
12746 734
12748 581
12751 647
12752 371
12753 990
12754 1721
12755 681
12757 347
12758 573
12759 670
1276 596
12760 679
12761 674
12762 563
12763 1152
12767 1137
12768 1276
1277 140
12770 2344
12771 1772
12772 910
12774 993
12775 1239
12778 3016
12780 1684
12783 404
12785 152
12786 550
12787 1106
12788 1770
12789 374
12790 2758
12791 3424
12795 563
12796 266
12797 617
12799 1893
128 299
1280 408
12801 345
12802 1107
12803 1126
12805 119
12806 4157
12810 530
12812 219
12813 463
12814 427
12815 3784
12817 145
12818 2255
12819 503
12822 638
12823 671
12824 401
12827 4071
12829 934
1283 561
12830 1536
12831 356
12834 420
12836 626
12839 125
1284 382
12840 265
12841 855
12842 1674
12843 351
12846 538
12848 4937
12849 2111
1285 823
12851 596
12852 279
12853 259
12857 1040
12858 977
12860 297
12861 1039
12862 240
12866 543
12869 240
1287 389
12872 1231
12874 605
12875 1557
12877 253
12878 3017
1288 462
12880 546
12882 51
12883 676
12885 633
12886 666
12887 3567
12888 288
12889 450
12890 674
12891 536
12893 323
12897 125
12898 427
129 107
12900 324
12901 280
12904 236
12905 627
12907 1870
12908 520
1291 550
12910 198
12912 245
12914 397
12915 214
12917 3603
12919 396
1292 1481
12923 590
12924 571
12929 248
1293 143
12933 264
12935 545
12937 513
12940 945
12943 1522
12948 1423
12949 423
1295 811
12956 605
12959 626
12962 191
12963 1247
12965 875
12969 369
12971 3243
12973 616
12974 224
12978 448
1298 123
12980 680
12981 1141
12982 185
12986 1716
12987 1174
12988 524
1299 3240
12992 856
12995 682
12996 469
13 677
130 956
1300 603
13003 906
13005 594
13006 135
13007 508
13008 1304
1301 531
13010 155
13011 608
13014 234
13019 1438
13021 1196
13023 1144
13024 539
13025 273
13026 237
13027 250
1303 781
13031 436
13032 218
13036 403
13037 669
13039 1620
13041 637
13043 365
13045 1285
13046 4716
13052 686
13053 4884
13054 583
13059 108
1306 3963
13060 647
13062 481
13064 514
13067 416
13070 434
13072 2275
13077 587
13078 336
1308 493
13080 3719
13085 1318
13089 470
13090 533
13092 138
13093 161
13094 504
13095 773
13096 597
13097 502
13099 591
13102 485
13103 370
13105 321
1311 159
13110 255
13113 286
13114 142
13115 4690
13116 846
13118 285
13119 840
1312 5287
13120 174
13122 96
13123 2027
13124 1202
13126 128
13129 439
1313 376
13130 2110
13131 153
13136 727
13138 163
13139 239
1314 476
13141 629
13142 474
13143 137
13144 662
13148 51
13149 1684
1315 683
13151 435
13157 3286
13158 51
13159 328
1316 866
13162 1000
13163 318
13165 456
13168 943
1317 172
13170 716
13172 532
13173 454
13174 467
13175 298
13179 3044
13180 513
13182 585
13184 930
13185 1378
13186 435
13187 1265
13188 327
13189 687
13190 477
13191 386
13192 427
13194 705
13195 235
13196 347
13197 363
13199 632
132 27
1320 323
13200 633
13201 460
13203 145
13204 137
13205 357
13206 417
13210 1192
13211 610
13212 614
13214 356
1322 125
13223 141
13224 126
13225 1974
13230 171
13231 703
13232 392
13238 922
1324 145
13242 323
13243 1570
13244 4133
13245 1281
13247 1326
13251 1272
13255 679
13256 3507
13258 2055
1326 127
13261 5133
13262 712
13263 3407
13265 1909
13266 3367
13269 910
1327 343
13270 634
13271 1181
13272 51
13274 695
1328 118
13294 579
133 27
1331 173
13313 1152
13315 475
13317 165
1332 578
13320 1198
13321 621
13333 770
13336 169
1335 660
13380 615
13382 615
1339 566
13393 517
13398 149
134 289
1340 545
13404 416
1341 119
1342 111
1343 882
13435 183
1344 315
1345 128
13458 1120
13462 4903
13468 211
1347 939
13471 379
13482 717
135 689
1350 999
13507 677
1351 180
13512 173
13524 399
13530 895
13531 3361
13532 1329
13539 402
1354 704
13542 1198
13543 621
13544 475
1355 270
13552 604
13559 823
1356 1582
1359 466
136 1608
1360 306
1361 1431
13611 401
13615 331
1363 223
13633 1228
1364 296
13649 2801
13656 1292
1366 857
13660 156
1367 747
13688 519
1369 2193
13690 872
13694 212
13695 89
13702 880
13704 315
13708 250
13709 388
13710 165
13711 329
13714 275
13715 373
13717 333
1372 610
13721 721
13729 600
13735 957
13738 2618
13739 609
13744 331
1375 407
13753 470
13757 959
1377 1419
13775 145
1378 135
13787 391
1379 412
13790 1825
13791 860
13795 312
138 355
1381 199
1382 131
13831 157
13834 389
13836 155
1384 126
13842 155
13849 157
1385 652
13852 476
13854 896
13856 545
13869 1220
1387 1724
13870 540
13874 446
13877 572
1388 1350
13889 161
13890 881
139 113
13900 511
13903 1800
13904 1754
13908 2232
1391 733
13915 599
13919 299
1393 536
1394 190
13946 1405
13949 4445
1395 372
13950 632
13958 1596
1396 172
13963 1431
13966 1846
1398 756
13988 601
1399 980
13994 493
14 246
140 315
14012 479
14028 414
14034 133
1404 136
1405 1837
14055 1012
1406 789
14069 125
1407 1187
1409 661
14091 134
14093 135
14099 350
14103 156
14109 2573
1412 540
14126 1620
14131 539
1414 1858
14146 173
14150 99
14154 307
14156 428
14166 133
14168 114
14177 685
14178 441
14180 265
14182 171
14199 2922
142 170
1420 128
14201 627
14207 1217
1421 2412
14211 1434
14212 2176
14214 127
14220 2066
1425 300
14263 577
1427 994
14270 464
1428 548
14282 365
14285 174
1429 437
14293 678
14297 865
14298 520
143 121
14300 321
14310 1608
14313 2149
14314 699
14315 383
14316 121
14324 1275
1433 315
1434 872
14340 939
1435 109
14354 666
1436 171
14360 667
14376 115
1438 568
14388 143
14389 725
14393 404
14394 565
14395 627
144 2773
1440 807
14402 119
14417 302
14418 691
14423 388
14427 267
14434 2623
1444 522
14440 1189
1445 580
1446 348
14469 149
14476 213
14483 736
14485 969
1449 685
14491 757
14499 213
145 1091
14504 1040
14506 431
14509 810
14512 567
14515 699
14516 143
14517 127
1452 243
14524 309
14525 144
14537 620
14539 294
14540 551
14542 479
14544 336
14545 132
14547 110
14549 121
14550 133
14551 121
14558 328
1456 2428
14563 260
14566 165
14569 595
1457 313
14572 953
14573 494
14582 295
14586 125
14587 381
146 283
1460 322
14603 192
14604 567
1461 317
14612 1090
14619 633
14622 343
14623 545
14626 606
14629 786
14630 328
14642 398
14646 374
14655 51
1466 1730
14666 1315
1467 141
14672 606
14679 1141
14682 51
14686 51
14688 171
14689 1925
1469 291
14697 1258
14698 3065
147 534
14701 51
14704 175
14706 781
14709 51
1471 113
14715 618
14718 245
14719 971
14721 449
14722 372
14729 213
14732 887
14736 1255
14739 1470
14744 388
14751 131
14752 265
14755 134
14757 2214
14761 365
14767 3688
1477 1249
14770 2947
14771 546
14777 169
14779 572
1478 2177
14783 477
14785 339
1480 463
14805 182
14818 1198
1483 147
1488 422
1492 205
1493 371
1494 233
1496 129
1497 420
1498 1725
1499 1252
1500 223
1502 1211
1503 401
1506 518
1508 105
151 281
1512 395
1514 187
1519 429
152 138
1520 731
1521 157
1524 233
1525 240
1526 237
1527 141
1528 552
1529 268
153 667
1532 142
1533 748
1535 3559
1536 129
1537 374
1541 573
1543 507
1545 125
1546 121
1550 1172
1553 2886
1554 407
1555 122
1556 838
1557 2425
1560 3363
1562 678
1563 541
1564 255
1566 255
1567 122
1568 117
1569 209
157 945
1570 664
1571 530
1572 644
1575 1247
1577 690
1579 4650
1581 695
1582 3216
1584 461
1585 586
1586 133
1588 625
1590 1440
1598 693
160 437
1601 313
1602 813
1606 608
1607 642
1608 280
1610 360
1611 3102
1616 3535
1619 519
162 292
1620 519
1622 355
1623 1095
1626 667
1628 422
163 123
1631 856
1633 413
1634 1826
1638 390
1639 284
164 301
1640 1053
1642 364
1643 590
1644 237
1648 125
1649 367
165 162
1650 746
1651 199
1652 1104
1653 134
1655 294
1656 1390
1657 554
1658 376
1659 256
166 118
1660 413
1661 521
1665 212
1666 444
1667 637
167 356
1673 578
1674 1543
1675 1350
1676 595
1677 238
1678 392
1679 549
168 282
1680 802
1681 506
1682 4302
1684 605
1686 453
1688 101
1689 870
169 401
1692 1126
1693 666
1694 1345
1696 1758
1706 732
1708 126
1709 662
1711 1974
1714 125
1715 1717
1716 147
1718 2454
1719 149
1722 375
1723 835
1724 3362
1727 278
1729 1510
1731 1413
1732 582
1734 590
1735 1747
1739 1413
1740 395
1741 362
1747 471
1751 819
1752 299
1758 51
1759 374
176 1999
1760 323
1761 361
1763 120
1764 489
1765 561
1767 128
1768 421
1769 126
1771 1304
1772 1413
1773 607
1777 2110
1783 133
1785 472
1787 1030
1789 1115
179 3180
1790 373
1792 1243
1794 186
1797 122
1798 741
1799 157
18 1523
180 2700
1801 425
1803 386
1808 2421
1809 2823
1811 652
1814 128
1815 760
1816 654
1820 113
1824 127
183 250
1832 494
1835 621
1836 4638
1837 211
1839 1110
1842 1513
1843 209
1845 833
1846 387
1847 691
1848 1414
1849 297
185 271
1851 175
1853 221
1855 161
1856 750
1858 1187
186 204
1860 3208
1861 821
1862 612
1863 639
187 263
1871 330
1872 444
1873 123
1875 529
1877 316
1878 1156
1880 940
1882 850
1885 600
1886 607
1889 3001
189 179
1890 1365
1897 876
1898 625
19 578
1901 1131
1902 2198
1904 1262
1907 626
1909 1338
191 388
1910 150
1912 571
1913 454
1915 941
1917 468
1918 1824
1919 4336
1920 1081
1924 497
1926 3951
1929 297
193 820
1931 563
1932 619
1933 1828
1934 609
194 449
1940 1442
1942 1293
1943 401
1946 1096
1948 1196
1949 986
1951 1229
1952 561
1959 3096
196 139
1960 1578
1961 181
1963 5625
1964 1607
1965 517
1966 342
1967 2370
197 868
1970 1044
1971 298
1975 547
1976 691
198 1088
1980 510
1982 379
1983 189
1987 143
1989 115
199 588
1990 3386
1994 1653
1995 935
1996 2094
200 2852
2000 470
2001 1897
2003 709
2004 197
2005 379
2006 537
2007 563
2008 632
201 280
2010 1888
2012 601
2013 965
2016 297
202 421
2020 211
2022 563
2024 943
2025 1579
2026 400
2027 195
2028 664
2029 271
203 3812
2033 492
2035 125
2039 388
2042 256
2044 555
2046 446
2047 282
2048 970
2049 127
2054 1227
2055 310
2056 452
2061 3122
2064 3253
2065 162
2067 167
2073 640
2074 1370
2079 344
2080 1165
2087 1651
2089 113
209 4605
2092 329
2095 862
2097 845
2098 191
2099 378
210 587
2101 230
2102 245
2107 497
2108 1303
2109 214
211 616
2110 1846
2112 491
2114 598
2115 3042
2116 624
2118 2414
212 452
2121 2470
2122 151
2126 455
2128 1900
213 1050
2130 1042
2133 373
2136 87
2137 280
214 745
2148 127
2149 346
2151 449
2153 118
2154 128
2155 583
2157 97
2159 578
216 27
2163 125
2166 127
2167 268
2168 1902
2169 157
2171 175
2172 1010
2173 750
2174 181
2175 596
2176 121
2178 137
2181 173
2182 502
2183 139
2186 1064
2187 481
2188 357
2190 1592
2191 336
2193 565
2194 550
2195 1294
2196 622
2197 4161
2198 981
22 202
220 1194
2202 688
2203 2564
2205 290
2206 716
2207 155
221 1106
2211 127
2212 451
2213 134
2216 141
2217 543
2219 1038
2220 149
2221 2744
2223 853
2224 715
2225 378
2226 1474
2227 501
2228 4534
2230 252
2231 698
2232 255
2234 402
2236 150
2237 329
2238 131
2239 361
2240 394
2244 115
2246 1233
2247 1037
2249 391
225 1810
2251 3121
2252 330
2253 615
2257 2539
2259 394
2260 792
2264 352
2265 515
2266 316
2268 638
2269 3783
227 2728
2270 163
2271 1183
2273 729
2275 275
2276 293
2278 2086
2279 299
228 620
2281 570
2286 1123
229 1281
2290 51
2291 439
2297 382
2298 326
23 1246
2301 412
2303 1105
2304 317
2307 1695
2308 358
2309 423
2310 1262
2312 685
2316 487
232 2950
2320 135
2322 270
2323 266
2325 318
2326 1890
2327 159
233 787
2332 137
2333 307
2335 463
2336 153
2337 407
2338 117
2339 118
2340 118
2342 442
2344 373
2346 137
2347 130
2348 122
235 2932
2350 619
2352 3053
2353 403
2354 3964
2357 1686
2358 153
2359 1965
236 2919
2365 489
2366 912
2367 3137
237 2900
2370 670
2371 641
2374 591
2375 3726
2376 1572
2377 145
2379 746
2380 290
2382 737
2383 4299
2385 187
2386 403
2389 1392
2390 1105
2391 120
2393 290
2394 644
2396 134
2397 124
2398 278
24 436
2402 187
2403 163
2405 788
2406 1218
2409 230
241 566
2410 166
2411 588
2417 2228
2419 524
242 999
2420 335
2421 472
2425 606
2428 3819
2429 461
2433 632
2434 364
2435 1163
2436 736
2437 287
2440 127
2441 149
2442 133
2447 546
2448 1301
2449 1283
2452 680
2456 2155
2458 382
2459 229
246 2234
2460 105
2462 583
2465 147
2466 173
2467 1179
2468 560
247 3217
2470 1209
2471 665
2474 493
2475 3098
2476 873
2478 270
2479 239
248 2185
2480 1561
2482 114
2483 547
2484 368
2488 218
249 1004
2490 175
2491 1349
2492 1172
2494 138
2495 993
2496 150
2497 163
2499 757
2500 2689
2504 131
2505 1115
2508 2696
2511 1198
2512 618
2513 2812
2515 688
2517 668
2518 275
2519 277
2520 1154
2521 6207
2522 3221
2524 467
2526 882
2528 559
2529 310
253 524
2530 547
2531 697
2532 454
2534 1897
2535 722
2538 707
2539 572
254 625
2540 579
2542 1436
2543 465
2544 1152
2546 1649
2548 208
2549 422
2550 577
2551 507
2552 501
2553 1512
2554 3651
2555 575
2557 1067
2558 356
2559 227
256 1334
2560 470
2561 241
2562 326
2564 151
2565 387
2566 137
2567 446
2568 404
2569 314
2570 739
2572 537
2574 673
2576 548
2577 232
2578 568
2579 127
2580 231
2582 171
2583 277
2584 119
2585 453
2587 115
259 973
2590 261
2591 124
2593 124
2594 1074
2595 135
2596 1823
2599 135
260 958
2601 703
2602 402
2604 333
2606 677
2608 131
2609 639
2611 365
2613 330
2617 624
2618 5015
2619 435
2620 1122
2622 153
2623 151
2626 322
2630 157
2633 943
2634 51
2635 896
2637 374
2638 1394
2645 405
2647 844
2648 490
2649 127
2650 506
2652 1988
2658 818
2659 446
2660 415
2663 711
2664 367
2666 425
2667 456
267 557
2671 565
2672 515
2674 241
2677 568
2678 117
2681 832
2683 335
2686 1644
2687 279
2688 1153
2691 640
2693 246
2695 1337
2696 485
2697 3048
2699 381
27 438
2700 405
2708 504
2709 2329
271 630
2711 650
2714 410
2718 954
272 689
2720 495
2722 255
2723 51
2725 4156
2727 858
2728 698
2729 544
273 2381
2737 487
274 1073
2741 803
2742 1802
2743 155
2744 1407
2746 1110
2747 1030
2748 430
2749 871
275 2298
2750 543
2751 326
2752 236
2754 278
2756 176
2757 294
2760 676
2761 256
2762 936
2763 519
2764 1122
2765 2071
2767 691
2768 1147
2769 500
2771 122
2772 123
2773 116
2775 4426
2777 1582
2779 207
2781 135
2782 541
2783 1816
2784 149
2785 890
2787 135
2789 609
279 970
2791 2118
2792 2729
2793 844
2794 103
2797 728
2798 151
2799 1721
2800 264
2801 135
2802 2254
2803 1270
2806 839
2807 360
2809 116
281 696
2810 637
2811 155
2813 627
2815 476
2818 721
2819 1106
2820 260
2825 150
2826 262
2827 568
2828 2676
283 173
2833 3817
2834 335
2836 177
2838 562
2839 339
284 592
2843 497
2847 324
2848 876
2849 127
2850 269
2851 810
2853 628
2856 492
2857 765
2858 497
2862 582
2864 2300
2866 362
2867 356
2870 133
2872 331
2873 127
2877 190
2880 518
2881 818
2884 443
2886 113
2887 842
2890 638
2896 544
2897 578
2898 545
29 622
290 633
2902 587
2907 622
2908 124
2909 153
2912 646
2913 1519
2915 134
2916 1252
2917 1360
2918 508
2919 526
2920 320
2922 782
2923 639
2924 2405
2925 2849
2926 161
2927 331
2928 129
2929 223
293 684
2930 517
2933 270
2936 2176
2938 419
2939 147
2940 147
2942 1207
2944 496
2945 599
2946 294
2947 1066
2948 1670
2950 594
2951 540
2952 453
2953 475
2954 330
2955 605
2956 1580
2957 1246
2958 1384
2959 603
296 555
2960 299
2961 313
2962 299
2963 307
2964 642
2965 2367
2966 505
2968 2329
297 1135
2970 518
2971 1370
2973 2551
2974 1252
2975 1168
2976 548
2977 563
2978 576
2979 4205
298 139
2982 671
2983 696
2985 463
299 371
2990 714
2993 871
2994 1015
2995 1080
2996 467
2998 1850
2999 328
30 149
3001 563
3002 672
3003 437
3006 177
3007 565
3008 265
3009 806
3010 817
3013 2388
3015 486
3016 1200
3017 653
3019 3790
302 2610
3020 3849
3023 3618
3024 3458
3025 543
3026 1742
3028 1370
303 1472
3031 2151
3034 1927
3035 147
3036 768
3037 145
3038 545
3039 1011
304 1107
3040 349
3041 137
3042 426
3043 560
3044 572
3046 454
3047 675
3048 2548
3049 185
3051 837
3053 621
3056 2047
3057 372
3060 181
3061 145
3062 3077
3063 617
3065 4302
3067 304
3068 1131
3069 863
307 556
3071 617
3072 1544
3073 1251
3074 187
3076 298
3077 1916
3078 2631
3080 434
3082 589
3083 157
3084 2214
3085 411
3086 1859
3087 153
3088 143
3089 709
309 1321
3091 458
3092 314
3093 1120
3094 1178
3095 545
3096 469
3098 475
310 582
3100 659
3103 899
3104 856
3105 506
3107 592
3109 473
311 4720
3110 1096
3111 2940
3114 181
3115 2874
3117 1759
3118 561
312 646
3120 473
3121 580
3122 899
3125 133
3128 637
3129 671
313 1713
3131 637
3132 626
3133 609
3134 163
3135 1250
3137 1998
3138 537
3139 434
314 636
3142 1078
3145 597
3146 167
3149 1503
315 496
3152 863
3153 576
3154 596
3155 2237
3157 1113
3159 117
3161 1389
3162 157
3163 674
3164 356
3166 704
3168 659
3169 259
317 1273
3174 1038
3176 665
3180 546
3181 454
3183 661
3184 397
3186 139
3187 1096
3189 415
3190 185
3191 831
3192 1858
3194 452
3198 1508
3199 509
320 679
3204 617
3205 736
3206 481
3207 468
3210 617
3211 500
3216 647
3217 1823
3219 453
322 1342
3222 1075
3223 386
3225 493
3228 365
3229 399
323 720
3235 133
3239 557
3241 614
3242 2200
3243 346
3246 1700
3247 117
3249 1263
3251 623
3252 336
3253 446
3254 305
3256 444
3258 216
3259 494
3261 2076
3263 630
3264 622
3266 517
3267 3101
3269 1269
327 1652
3271 1126
3272 603
3273 669
3275 565
3276 945
3277 1165
3278 1194
3282 648
3283 2379
3285 991
3287 3071
3290 398
3292 1091
3295 439
3298 1957
3299 175
330 1524
3302 398
3303 821
3305 151
3306 1586
3309 439
331 2000
3310 686
3311 189
3312 177
3313 497
3314 835
3315 459
3317 693
3318 656
332 195
3320 934
3322 579
3323 530
3324 666
3327 600
3329 952
3330 1194
3332 1829
3333 149
3334 628
3335 446
3336 1078
3337 1032
3338 1303
3339 641
334 660
3340 681
3341 155
3342 447
3343 127
3344 812
3345 283
3347 673
3348 497
3349 440
3351 1181
3352 1703
3353 1073
3354 149
3356 575
3358 547
3359 115
336 210
3360 1071
3363 125
3364 1262
3365 165
3367 479
3370 177
3371 1603
3372 1317
3377 192
3378 275
338 557
3380 1402
3381 670
3382 195
3384 638
3386 173
3387 1025
3389 660
3390 3643
3394 1344
3395 279
3396 2940
3399 587
3400 601
3401 785
3405 583
3406 157
3409 879
341 439
3411 2277
3413 1739
3415 618
3416 558
3417 453
3418 508
3419 149
342 3844
3420 904
3421 2874
3422 582
3425 327
3429 2276
343 185
3430 1158
3433 663
3435 514
3438 1927
3440 2443
3441 1078
3442 1000
3445 1116
3446 4527
3448 151
3449 1152
345 633
3452 1173
3453 701
3454 1978
3455 1797
3456 983
3458 573
3459 1085
346 1240
3460 616
3461 491
3463 1213
3466 684
3467 525
3468 375
3469 491
3472 963
3473 377
3474 452
3476 119
3477 451
3480 935
3481 107
3482 544
3483 564
3486 1260
3488 4585
349 662
3490 2069
3491 692
3492 1069
3493 1823
3497 1025
3499 250
3504 127
3505 2764
3507 663
3509 1148
3511 1010
3512 2985
3514 1969
3517 479
352 690
3520 963
3524 2140
3526 491
3528 1152
353 659
3531 1331
3532 1236
3533 480
3534 5450
3535 3478
3538 157
3539 1363
354 1660
3540 3317
3541 1087
3542 1887
3543 743
3545 601
3547 909
3553 1073
3554 865
3556 1585
3557 481
3559 725
356 2877
3563 3393
3564 2574
3565 445
3569 533
3570 165
3571 3766
3572 668
3573 647
3574 1630
3575 350
3577 488
3578 370
3579 279
3580 131
3582 420
3584 503
3585 306
3586 161
3587 1677
3589 1643
3591 165
3592 1229
3593 3405
3594 2074
3595 372
3596 678
3597 632
3598 374
3599 636
36 135
3601 128
3602 1166
3603 488
3604 271
3605 526
3607 975
3609 688
361 672
3610 161
3611 139
3612 420
3613 1634
3615 3061
3616 151
3619 826
362 3690
3620 382
3621 183
3622 518
3623 476
3624 246
3625 1060
3626 412
3629 296
3630 1204
3631 358
3632 607
3633 272
3634 625
3637 266
3639 1027
3640 548
3643 702
3645 2645
3646 1629
3647 119
3649 248
3651 132
3652 289
366 940
3660 662
3661 465
3666 679
3667 255
3668 320
3669 447
3672 395
3673 513
3674 116
3676 393
368 693
3680 284
3681 275
3684 722
3688 689
369 713
3690 567
3694 536
3695 321
3697 325
3699 1155
37 411
3701 825
3702 257
3704 1053
3707 496
3708 639
371 761
3711 1589
3713 359
3717 432
372 3264
3720 631
3721 345
3723 639
3729 117
3730 328
3734 132
3735 356
3737 447
3738 277
374 974
3740 545
3741 149
3742 887
3743 1159
3744 384
3747 627
3748 1165
3750 938
3751 302
3755 467
3757 132
3758 968
3759 1522
376 271
3760 270
3762 4900
3763 121
3764 116
3765 112
3766 145
3768 840
377 681
3770 670
3771 483
3772 172
3774 125
3775 1050
3777 562
3779 1655
378 348
3782 131
3784 238
3785 428
3786 371
3787 132
3788 127
379 385
3790 581
3792 2072
3793 504
3795 1036
3796 714
3797 1633
3798 4735
38 297
3800 1120
3801 542
3806 493
3807 132
3808 120
381 641
3817 454
3821 580
3825 1352
3828 447
383 131
3830 660
3831 167
3833 564
3838 533
3839 674
3840 430
3841 666
3843 560
3846 468
3847 2277
3850 93
3851 107
3853 303
3855 867
3856 479
3857 300
3858 123
3860 376
3862 1148
3864 2817
3865 447
3867 380
3868 1666
3869 2790
387 507
3870 703
3872 247
3873 891
3874 368
3875 131
3879 202
388 363
3881 727
3884 906
3886 622
3888 633
389 715
3890 958
3892 1304
3893 631
3894 326
3895 168
3897 137
3898 370
3899 786
390 1648
3900 701
3901 1289
3902 1455
3903 696
3904 779
3905 213
3906 1599
3908 771
3909 474
3910 693
3912 1260
3913 177
3916 373
3917 122
3918 643
392 105
3920 580
3922 301
3926 428
3928 1101
393 1566
3930 499
3931 2960
3933 640
3934 631
3937 627
3939 282
3942 1814
3944 131
3946 489
3948 628
3949 812
395 594
3950 593
3951 564
3952 409
3954 246
3955 1088
3957 1425
3958 454
3959 147
396 181
3960 396
3961 418
3964 137
3968 135
3970 533
3971 234
3973 589
3976 167
3977 263
3979 1678
398 139
3980 742
3981 3476
3982 1362
3983 149
3984 2470
3985 415
3989 240
399 326
3990 362
3991 1869
3993 693
3994 717
3995 1149
3996 280
3997 721
3999 615
40 599
400 151
4000 439
4005 2811
401 855
4012 899
4014 416
4015 450
4016 2857
4019 1715
402 688
4021 236
4022 1285
4023 335
4025 132
4026 3506
4027 2540
4028 1348
4029 499
4031 1438
4032 153
4033 589
4035 524
4036 538
4038 568
4039 1272
404 326
4040 579
4041 1230
4043 1127
4045 1817
4047 510
4048 1163
4049 4828
405 225
4051 528
4052 2358
4054 636
4055 1283
4056 646
4057 1806
4058 1247
406 194
4061 2249
4062 163
4063 1225
4064 1374
4065 325
4066 504
4067 5250
4069 1211
407 229
4071 3301
4074 1274
4075 1226
4076 577
4077 364
4078 998
408 1127
4080 546
4081 2596
4083 649
4084 322
4085 508
4087 145
4088 687
4089 736
409 553
4090 335
4091 356
4092 482
4093 4085
4094 392
4096 1256
4097 611
4098 1179
4099 683
41 499
410 163
4100 445
4101 2685
4103 697
4105 187
4106 2267
4107 827
411 947
4111 569
4113 1356
4114 163
4115 574
4117 701
4120 719
4122 1190
4123 444
4125 1230
4127 2358
4129 1272
4131 618
4132 1861
4133 1207
4135 603
4138 566
4139 568
4141 232
4142 209
4143 1749
4144 129
4145 851
4146 642
4147 1146
4148 145
4149 288
4150 141
4152 2153
4153 937
4155 460
4156 2403
4157 293
4158 1421
4159 369
416 681
4160 2729
4161 409
4162 649
4164 151
4165 4385
4167 642
4169 392
417 51
4170 828
4171 437
4172 799
4173 1182
4174 3066
4175 376
4176 129
4177 121
4178 263
418 179
4182 923
4184 247
4185 101
4188 357
4189 186
4192 513
4193 113
4194 238
4199 793
42 659
420 498
4201 878
4203 458
4204 1263
4205 818
4206 372
4209 504
4210 130
4212 689
4215 729
4216 501
4218 474
4219 264
422 825
4220 232
4223 2755
4227 898
4228 132
4229 1372
423 133
4231 601
4232 3328
4233 1613
4235 458
4237 388
4238 594
4239 459
424 692
4240 121
4241 131
4245 126
4246 2164
4249 660
425 608
4253 130
4255 442
4257 162
4258 165
4259 1139
4261 221
4266 2548
4267 3655
4273 240
4275 555
4276 230
4277 1425
4278 185
4279 125
4280 175
4281 211
4282 143
4284 133
4285 126
4286 717
4288 179
4289 2180
4290 4748
4291 1575
4292 408
4293 143
4296 610
4297 1574
4298 353
4301 453
4302 164
4303 2462
4304 903
4305 290
4306 326
4307 511
4310 1639
4313 398
4314 1504
4315 2033
4318 468
4323 536
4327 234
4328 475
4330 363
4331 135
4333 703
4337 368
4338 653
4339 385
4340 2493
4341 157
4343 645
4344 126
4345 619
4346 636
4347 831
4349 519
435 1234
4351 216
4353 382
4356 1423
4357 232
4358 270
436 520
4360 571
4361 344
4363 473
4364 1058
4365 1190
4366 338
4367 1739
4369 1862
4370 297
4371 295
4372 503
4374 496
4376 234
4378 383
438 225
4380 125
4382 1544
4384 124
4385 268
4386 489
4387 134
4388 124
4389 116
439 223
4392 861
4397 126
4398 124
4399 134
44 569
440 163
4401 441
4404 485
4405 2462
4407 1738
4408 587
4409 139
441 886
4410 478
4411 523
4412 129
4419 251
442 497
4420 332
4425 2178
4429 1270
443 736
4431 1323
4433 95
4434 161
4436 1354
4437 358
4438 345
4439 127
444 492
4440 126
4445 27
4446 119
4447 823
4449 175
4451 288
4452 139
4453 413
4454 202
4455 131
4457 273
4458 699
4459 132
4460 117
4462 153
4465 869
4466 161
4467 691
4468 27
447 424
4470 4226
4472 243
4473 181
4474 500
4475 484
4476 787
4477 4331
4478 563
448 1713
4480 179
4481 355
4483 161
4484 165
4486 163
4487 183
4488 1297
449 585
4490 3246
4493 380
4494 513
4498 286
4499 175
45 2451
450 513
4503 981
4504 262
4505 209
4507 581
4509 157
4510 887
4512 178
4513 1216
4514 799
4515 135
4516 131
4517 353
4518 2397
4519 495
4521 144
4523 268
4524 1513
4525 697
4532 175
4533 159
4534 181
4536 598
4537 377
4541 836
4544 642
4548 3972
4549 800
455 87
4551 452
4552 2313
4554 351
4555 1219
4558 137
456 316
4560 126
4562 432
4564 3068
4569 787
4573 1871
4574 432
4576 1226
4577 662
4578 137
4579 574
4581 516
4583 351
4584 543
4585 564
4586 231
459 181
4590 600
4591 692
4592 464
4593 1768
4595 1259
4599 697
46 729
4600 614
4602 3884
4603 3117
4604 610
4605 516
4606 370
4609 1433
461 130
4610 1016
4613 396
4615 298
4616 627
4617 656
4620 27
4621 1884
4622 1011
4623 674
4625 4798
4629 647
4630 4220
4631 450
4632 1204
4633 701
4634 664
4635 159
4636 1636
4637 424
4638 649
464 199
4640 1130
4641 591
4644 521
4648 530
4649 388
4650 646
4652 141
4654 618
4656 143
4657 458
4658 155
4659 635
466 228
4660 443
4662 781
4664 881
4665 3382
4666 588
467 352
4671 403
4675 141
4678 645
4679 1288
4680 659
4681 560
4682 535
4686 677
4687 484
4689 1759
4690 1227
4691 2277
4692 3385
4695 1254
4696 495
4697 690
4698 189
47 1252
470 168
4700 378
4703 659
4708 530
4709 701
4711 656
4712 627
4713 781
4714 881
4717 618
4719 546
4720 893
4729 175
473 1106
4732 648
4733 1045
4735 1493
4739 596
474 578
4740 674
4741 671
4742 390
4743 135
4744 2929
4745 443
4747 362
4748 663
475 650
4751 927
4755 395
4756 677
4758 133
4759 101
4761 125
4763 125
4765 307
4768 212
4769 683
4770 157
4771 2239
4772 1619
4773 257
4774 1243
4775 328
4776 400
4777 719
4778 662
4779 314
478 611
4780 180
4781 1377
4782 133
4783 614
4785 1259
4787 351
4788 865
4791 421
4792 516
4794 475
4795 1022
4796 699
4797 330
4798 522
48 286
480 402
4801 139
4803 344
4804 412
4805 128
4806 1089
4807 675
4809 3902
4810 1155
4812 304
4814 298
4816 1314
4818 556
4819 283
4820 249
4821 114
4822 523
4824 2307
4825 746
4827 552
4829 656
483 236
4831 155
4832 27
4833 653
4835 674
484 234
4841 532
4843 179
4845 562
4848 593
4850 435
486 383
4867 1158
488 607
4881 520
4882 1127
4884 1534
4887 411
4889 153
489 951
4890 1114
4892 369
4893 2643
4894 330
4898 1759
49 571
490 675
4900 123
4901 482
4903 512
4904 137
4905 852
4908 672
4910 872
4911 229
4914 483
4918 405
4920 245
4922 601
4925 157
4929 155
4930 655
4933 1475
4934 377
4937 597
4938 1447
4939 1329
494 267
4941 1262
4944 5611
4951 2441
4952 516
4953 2572
4954 300
4955 369
4956 116
4959 151
496 3167
4960 151
4962 1259
4963 518
4964 518
4965 574
497 570
4970 1093
4972 434
4974 840
4976 336
498 395
4981 509
4983 1721
4987 611
4988 2782
4990 125
4991 182
4993 672
4998 132
4999 118
5 1236
50 269
5001 450
5002 511
5003 1686
5009 791
501 1377
5012 123
5013 153
5015 387
5017 147
5018 198
502 1251
5020 646
5021 129
5029 272
5031 653
5033 1064
5034 382
5037 698
504 1156
5040 828
5042 501
5043 415
5044 569
5046 113
5048 282
505 707
5050 293
5051 292
5052 637
5053 257
5054 133
5055 375
5056 717
5057 2249
5058 455
5059 135
506 118
5060 334
5061 1888
5062 143
5068 121
5070 5567
5071 1376
5072 300
5076 545
5077 497
5078 192
508 135
5080 613
5081 368
5082 485
5083 133
5084 283
5085 130
5086 198
5089 488
509 130
5090 319
5091 502
5092 998
5094 802
5095 538
5097 433
5100 125
5102 486
5105 345
5109 3390
511 159
5112 337
5113 1181
5114 364
5115 1036
5116 1587
5117 525
5118 1340
5119 1205
512 133
5121 496
5123 1012
5125 800
5126 513
5127 2802
5128 503
513 134
5132 989
5134 1707
5138 189
5139 2881
514 135
5141 468
5142 286
5145 1319
5146 465
5148 898
5149 1078
5150 1940
5152 659
5153 1054
5154 1006
5156 1743
516 890
5160 1185
5162 1074
5166 153
5167 3858
5168 1662
5169 2772
517 125
5171 4010
5172 2331
5175 687
5176 4161
5177 1867
5178 1895
518 936
5181 1650
5183 1249
5185 955
5188 405
5189 1307
519 117
5190 2058
5191 567
5192 1668
5193 1613
5194 512
5195 1223
5196 1134
5201 4150
5203 1664
5204 169
5205 556
5206 3158
5207 632
5209 623
521 117
5210 1454
5212 510
5214 6308
5215 512
5216 1027
5218 620
5219 657
522 356
5220 606
5222 666
5223 585
5226 1395
5228 489
5231 588
5232 433
5234 1899
5235 2143
5236 520
5237 249
5238 431
524 654
5240 426
5241 1854
5243 668
5244 2299
5245 444
525 1983
5250 1190
5251 201
5253 1234
5254 157
5255 1160
5256 1024
5257 481
5258 5491
5260 616
5264 667
5266 614
5268 1721
5269 360
5270 1948
5271 2530
5272 603
5273 3853
5274 937
5276 668
5277 467
5278 1779
5279 1230
528 235
5280 1249
5281 1012
5283 1043
5284 125
5285 2471
5286 1887
5287 461
5288 1192
529 121
5290 4754
5291 1118
5292 527
5293 1000
5295 1455
5296 311
5297 328
5299 743
53 120
530 665
5300 145
5303 247
5304 353
5308 203
5309 521
531 183
5312 380
5313 296
5314 321
5315 1337
5316 363
5317 537
5318 5290
532 408
5320 155
5321 612
5323 1138
5326 155
5327 505
5328 658
5329 139
533 244
5330 777
5331 764
5332 428
5333 372
5334 500
5335 1601
5336 27
5338 1614
5339 1409
534 189
5340 439
5342 422
5344 181
5345 3374
5346 131
5349 519
535 244
5350 256
5351 479
5352 1569
5354 347
5355 164
5356 379
5357 374
5358 248
5359 747
536 117
5360 290
5362 27
5363 818
5366 1602
5367 241
5371 1301
5373 157
5375 175
5376 5273
5377 2155
5378 167
5379 986
538 523
5382 2276
5383 652
5385 610
5388 569
5389 686
539 157
5390 1034
5391 2212
5392 1367
5394 3281
5396 425
5398 645
5400 708
5402 154
5404 546
5407 349
5408 780
5409 428
541 316
5410 532
5411 871
5412 3490
5414 126
5415 346
5416 346
5417 413
5421 476
5422 619
5423 630
5426 399
5429 630
543 528
5431 670
5434 119
5435 651
5437 541
5438 505
5439 347
544 658
5440 280
5441 386
5442 654
5443 493
5444 178
5445 1187
5447 994
545 1591
5451 141
5452 524
5453 1294
5454 848
5455 670
5456 1214
5458 2308
546 133
5460 165
5461 280
5464 318
5465 804
5467 3038
5469 303
547 535
5470 270
5471 3665
5472 1609
5473 4652
5474 1011
5475 411
5476 137
5477 271
548 130
5481 671
5483 125
5485 1652
5487 545
5490 179
5491 497
5492 124
5494 244
5495 226
5496 155
5498 179
5499 669
550 792
5500 479
5501 354
5502 126
5505 645
5506 855
5507 2172
5508 954
551 829
5511 1110
5516 1642
5517 563
5518 890
552 331
5520 524
5522 128
5523 1133
5525 1020
5526 995
5528 145
553 439
5530 276
5531 644
5532 274
5533 395
5535 141
5537 371
5538 264
554 119
5540 243
5541 910
5542 3010
5543 647
5544 574
5545 153
5546 127
5549 81
555 441
5553 257
5554 1906
5555 163
5556 120
5558 852
5559 580
5561 4649
5563 512
5564 728
5565 313
5566 261
5567 617
5568 137
557 531
5570 2725
5571 149
5572 133
5573 537
5575 268
5576 545
5579 298
558 256
5582 430
5583 375
5585 1142
5586 641
559 469
5592 422
5593 295
5594 197
5595 446
5596 482
5597 751
5598 1615
56 1106
560 240
5600 380
5602 296
5603 127
5604 119
5606 175
5608 364
5609 543
5610 1337
5611 767
5615 364
5617 154
562 1096
5620 595
5624 278
5627 502
5629 147
5630 755
5632 436
5634 185
5635 844
5636 709
5637 175
5639 721
5640 643
5641 622
5643 2021
5644 566
5647 659
5648 787
5650 145
5652 179
5654 368
5655 795
5657 486
5658 381
5659 473
5660 594
5661 594
5662 131
5663 126
5664 141
5665 491
5667 1084
5669 158
5670 623
5671 1166
5672 581
5675 509
5677 239
5678 139
5679 156
5680 485
5682 317
5683 1455
5684 1727
5686 621
5687 122
5688 159
5689 507
5690 3079
5692 1708
5693 511
5694 178
57 584
5701 115
5702 2352
5706 1238
5707 181
5708 615
5710 2791
5711 2405
5712 1191
5713 714
5715 157
5716 163
5717 1625
5719 1049
5720 120
5721 116
5722 120
5723 298
5724 1226
5725 443
5727 1895
5729 128
5731 227
5732 470
5734 609
5737 599
5738 307
5739 1036
5740 566
5741 557
5742 248
5743 239
5744 935
5746 1139
5749 202
5750 1493
5751 592
5752 2197
5754 175
5755 1626
5756 1205
5757 532
5758 157
5761 3543
5762 466
5764 171
5765 2486
5767 1037
5768 165
5769 1953
5778 3753
5779 2608
5780 407
5782 508
5783 326
5785 627
5786 2543
5787 3397
5788 1335
5789 1371
5791 546
5792 1718
5793 1831
5796 1893
5797 177
5798 505
58 427
5800 3902
5803 163
5804 147
5805 1911
5807 667
5808 4403
5810 1286
5811 703
5812 1898
5814 203
5815 456
5818 582
5819 543
5822 477
5826 427
5827 2859
5830 1164
5833 398
5835 1188
5836 604
5838 189
5839 461
5841 1550
5842 1088
5845 167
5847 1124
5848 1844
5849 768
5850 2324
5852 1299
5854 342
5858 3753
5861 246
5866 540
5868 1274
5870 1463
5873 649
5875 295
5876 317
5879 3051
5880 475
5883 177
5886 1084
5887 1840
5888 3659
5889 685
5894 489
5895 2310
5896 2178
5898 313
5899 850
59 1309
5900 617
5901 232
5902 820
5905 192
5906 159
5908 877
5909 485
5910 672
5911 279
5912 174
5913 127
5914 132
5915 141
5919 757
5922 128
5925 394
5926 135
5930 247
5931 464
5932 390
5933 294
5934 574
5935 668
5937 321
5938 261
5939 149
5941 3634
5945 294
5946 520
5947 690
5949 425
5950 329
5951 332
5954 1406
5955 650
5957 527
5958 403
5960 112
5964 1185
5965 1036
5967 297
5968 274
5969 363
5972 804
5973 1908
5974 191
5975 286
5976 361
5977 283
5980 153
5981 147
5982 141
5984 234
5985 6223
5986 802
5991 368
5993 304
5994 246
5998 496
6 1374
6000 662
6003 359
6005 232
6006 676
6010 240
6013 141
6014 434
6017 305
6018 149
6020 280
6023 1226
6025 1295
6026 145
6027 464
6030 399
6033 127
6034 1000
6035 487
6037 1349
6041 181
6042 248
6043 135
6044 117
6046 356
6047 1232
6048 239
6051 319
6054 699
6055 137
6056 647
6058 1065
6059 500
6060 2237
6062 1770
6063 863
6065 607
6067 666
6068 175
6069 145
6070 643
6073 479
6075 990
6078 198
6079 1665
6081 617
6082 788
6083 1386
6084 662
6085 1004
6086 3754
6088 260
6090 2836
6091 2969
6092 670
6093 430
6094 239
6096 558
6101 509
6102 159
6103 489
6104 493
6105 407
6106 241
6107 284
6108 3753
6111 591
6113 867
6114 1051
6115 352
6116 740
6119 1533
6120 176
6121 1404
6123 394
6124 543
6125 1995
6127 1134
6128 1574
6129 384
6130 262
6134 205
6135 442
6137 1853
6138 682
6142 835
6146 667
6147 233
6149 475
6153 2091
6154 134
6155 121
6156 4307
6157 3142
6158 1503
6159 143
6163 1676
6165 448
6166 593
6169 1596
6172 222
6173 120
6175 250
6176 169
6177 2701
6178 568
6179 619
6180 1381
6181 503
6184 1284
6185 137
6186 141
6187 482
6188 284
6189 1178
6197 4389
6198 523
6199 365
6201 2543
6202 1809
6204 27
6205 133
6208 883
6209 2927
6211 286
6212 175
6213 585
6214 664
6215 1941
6217 2027
6218 725
6220 570
6221 658
6222 331
6223 500
6225 2106
6227 162
6231 266
6232 319
6233 194
6234 588
6235 134
6236 175
6239 451
6240 308
6242 275
6243 194
6244 394
6246 601
6248 536
6252 130
6253 992
6254 387
6257 430
6259 1961
6264 653
6265 1237
6267 815
6269 1247
6271 565
6273 241
6274 429
6275 184
6276 308
6277 605
6278 363
6279 353
6280 140
6282 825
6283 400
6287 430
6288 376
6293 516
6294 185
6295 118
6296 1157
6297 350
6298 287
6299 290
6301 904
6305 127
6306 136
6309 760
6310 607
6311 168
6312 436
6313 429
6315 437
6317 995
6323 446
6324 133
6325 463
6326 2262
6331 649
6333 157
6335 536
6337 1800
6338 3556
6339 550
6340 1690
6341 314
6342 169
6344 1242
6346 4985
6347 159
6348 1131
6349 876
6350 757
6352 2308
6353 1859
6354 437
6355 131
6356 341
6357 4559
6358 293
6359 1044
6361 1020
6362 145
6364 137
6365 163
6366 161
6368 1093
6369 924
6371 522
6372 341
6373 1320
6375 1076
6376 2450
6382 1262
6384 550
6385 360
6386 1178
6394 131
6398 149
6399 394
64 332
6400 4667
6402 1641
6404 973
6405 167
6406 2981
6407 1349
6410 3071
6412 496
6413 683
6414 654
6416 147
6417 125
6419 403
6420 293
6421 612
6422 460
6425 961
6426 3618
6427 1143
6428 2025
6430 1255
6432 1588
6433 1046
6434 1011
6435 127
6436 713
6437 411
6438 1342
6440 143
6441 342
6442 1182
6443 135
6445 556
6447 763
6449 155
6450 624
6451 1103
6452 492
6453 1831
6454 350
6455 284
6456 684
6457 118
6458 358
6459 117
6460 130
6461 585
6463 3418
6464 1257
6465 869
6466 597
6471 2734
6473 2523
6474 133
6475 372
6476 395
6477 514
6478 190
6481 2546
6483 717
6484 185
6485 458
6486 934
6488 577
6491 320
6492 3220
6493 1588
6494 604
6495 322
6496 282
6497 495
6498 381
6499 158
65 294
6500 370
6502 664
6503 915
6504 489
6505 142
6506 128
6507 298
6509 132
6511 661
6514 134
6515 1066
6520 159
6521 271
6522 454
6523 397
6524 298
6525 631
6527 507
6528 120
6529 407
6531 4008
6532 288
6533 237
6534 175
6535 593
6537 482
6538 287
6539 586
6540 373
6541 3839
6542 159
6543 664
6546 1129
6547 1072
6549 358
6551 427
6552 356
6556 454
6557 1280
6559 584
6561 1141
6562 854
6568 191
6572 123
6573 267
6575 123
6576 1808
6577 285
6578 731
6581 1688
6583 399
6584 131
6585 865
6586 466
6588 3037
6590 520
6591 736
6592 1367
6593 1998
6594 584
6595 819
6596 518
6597 296
6598 906
66 481
6601 426
6603 3644
6604 522
6606 2100
6607 157
6609 195
6611 127
6612 466
6616 314
6619 1130
6620 254
6621 657
6622 956
6623 635
6626 607
6629 136
6630 604
6632 581
6635 782
6636 401
6637 518
6638 454
6639 1648
6641 378
6642 244
6647 135
6650 149
6652 664
6653 1143
6654 115
6655 366
6656 4751
6657 6703
6658 1190
6659 294
6660 629
6661 180
6665 4246
6666 187
6668 336
6669 299
6670 662
6672 629
6673 128
6674 427
6675 169
6677 646
6679 357
6680 260
6681 409
6682 485
6683 128
6684 129
6685 130
6686 136
6687 252
6689 2063
6694 469
6695 249
6696 128
6697 328
6699 856
6701 282
6702 395
6705 118
6707 1274
6708 3633
6709 190
6710 310
6711 378
6712 711
6713 27
6714 757
6716 2520
6719 1810
6720 2743
6721 1588
6722 4349
6723 408
6725 908
6726 1846
6729 328
6730 127
6731 314
6732 572
6733 131
6734 361
6735 510
6737 687
6738 437
6739 276
6740 749
6741 280
6742 2863
6743 262
6744 1427
6746 939
6747 477
6748 577
6751 380
6752 2738
6757 801
6758 689
6759 274
6760 1110
6761 203
6762 450
6763 409
6764 591
6765 306
6767 413
677 1515
6770 2277
6771 368
6773 215
6774 180
6776 130
6777 134
6778 637
6779 325
6783 199
6784 747
6785 215
6787 1315
6788 832
6789 577
679 409
6790 195
6791 1193
6794 160
6797 964
6798 608
6799 247
68 399
680 527
6801 142
6802 140
6804 598
6805 129
6807 391
6809 318
6810 532
6811 1550
6813 338
6814 216
6815 1573
6816 1770
6817 614
6818 586
6819 1066
682 441
6825 195
6827 207
6828 356
6830 234
6831 89
6836 769
6837 552
684 1196
6840 936
6841 613
6844 4074
6846 1817
6848 325
6849 1352
685 1429
6850 292
6852 239
6853 342
6855 316
6856 567
6859 171
686 217
6860 184
6861 126
6862 202
6863 1106
6864 202
6865 134
6866 845
6869 1462
687 280
6871 165
6872 552
6873 251
6874 554
6875 128
6876 4094
6877 864
688 848
6880 415
6881 125
6882 1494
6884 634
6886 440
6887 890
6888 285
689 83
6890 3531
6893 1154
6894 213
6897 465
6898 209
69 669
690 171
6903 834
6905 677
6906 834
6907 648
6908 1153
6909 200
691 182
6912 450
6913 553
6914 4374
6917 114
692 180
6920 370
6922 2344
6926 2936
6927 2066
6928 2374
6929 599
693 190
6930 627
6931 125
6934 1118
6935 1260
6939 886
694 175
6941 1647
6942 171
6943 1516
6944 1250
6945 1267
6946 623
695 185
6951 368
6952 585
6953 543
6954 1280
6955 509
6957 873
6959 2066
696 1295
6960 498
6961 991
6964 686
6965 919
6968 971
6969 153
697 708
6970 2173
6972 156
6975 468
6976 805
698 140
6981 543
6982 383
6983 171
6985 1171
6986 147
699 157
6993 396
6994 1175
6995 551
6996 4729
6998 1596
6999 587
700 179
7000 119
7001 1904
7003 773
7004 27
7005 161
7006 167
7007 179
7008 645
7009 165
701 181
7010 165
7011 1759
7012 1397
7013 1087
7014 2296
7015 1222
702 185
7020 177
7023 873
7024 1250
7027 490
7029 1654
703 458
7030 991
7031 298
7032 1868
7036 2232
7037 1707
7039 171
704 1903
7041 1415
7043 2194
7045 575
7046 369
7047 722
7048 442
7049 482
7052 155
7057 179
7058 1081
706 868
7060 629
7061 1461
7062 4251
7063 252
7064 235
7065 504
7066 1903
7067 864
7068 472
707 135
7070 471
7071 2755
7072 313
7073 1011
7074 313
7075 1777
7076 128
7077 135
7078 437
7079 249
708 417
7080 478
7083 330
7085 629
7087 362
7088 4501
709 139
7090 447
7092 317
7093 407
7096 248
7097 1002
7098 141
7099 2419
71 132
7100 303
7101 372
7102 1851
7103 1962
7104 537
7106 91
7107 1355
7109 501
7110 610
7111 599
7113 415
7115 375
7117 171
7119 801
712 478
7120 882
7123 97
7124 1036
7126 2738
7128 722
7129 577
7130 1560
7132 131
7133 284
7135 5901
7136 607
7139 439
714 4424
7141 375
7143 1614
7146 133
7148 132
7149 591
715 564
7150 1450
7152 159
7154 1128
7155 1921
7157 294
7158 343
7159 484
7160 434
7161 2799
7166 485
7167 246
7168 322
7174 2068
7177 711
718 2161
7184 373
7185 347
7188 177
7189 172
7190 238
7191 195
7192 376
7193 429
7196 1341
7199 245
7204 143
7205 181
7207 353
7208 173
7209 271
7212 681
7215 360
7216 906
7217 514
7218 412
722 113
7220 471
7221 598
7222 1653
7225 476
7226 357
7229 343
7234 377
7235 122
724 702
7240 1564
7244 194
7245 303
7247 284
725 498
7250 135
7253 627
7256 101
7259 381
7260 2274
7261 414
7263 2309
7264 621
7266 130
7267 121
7272 443
7275 128
7276 232
7277 129
7278 130
7279 137
728 597
7286 190
7287 1244
7296 235
7297 144
730 3065
7302 237
7304 3500
7305 547
7308 2692
731 509
7310 1881
7311 709
7312 1153
7313 3537
7314 527
7315 654
7317 191
7318 490
7319 1360
732 654
7320 130
7321 169
7322 465
7323 1279
7326 3680
7329 127
733 789
7330 467
7331 268
7332 1201
7336 1351
7337 560
7338 339
7339 121
734 301
7341 256
7342 1503
7344 332
7346 131
7349 348
735 454
7352 643
7353 264
7354 322
7355 2036
7356 3996
7357 763
7358 388
7359 961
736 620
7362 384
7363 212
7366 4287
7367 587
7370 237
7375 2646
7379 567
7381 681
7382 917
7385 132
7386 555
7387 151
7388 390
7389 177
739 402
7390 165
7391 4247
7394 1067
7395 846
7397 784
7398 376
74 620
7404 333
7406 679
7407 572
7408 1470
741 429
7410 234
7413 122
7419 137
742 2008
7420 153
7421 505
7423 1858
7424 1628
7425 141
7426 175
7427 1175
7428 1773
7429 695
743 830
7432 292
7433 406
7437 536
7438 551
7439 263
7441 273
7442 1194
7443 1229
7444 599
7447 562
7449 281
745 218
7452 403
7453 309
7455 656
7459 245
7460 640
7462 322
7464 361
7465 785
7466 211
7468 156
7469 498
7470 550
7471 2653
7472 116
7474 129
7475 565
7476 239
7477 1736
748 4822
7481 832
7482 603
7483 322
7484 513
7487 140
7488 255
7490 610
7491 370
7494 435
7495 506
7496 1024
7497 298
7498 140
7499 3745
75 567
7500 1669
7501 839
7504 417
7505 276
7508 109
7510 1000
7512 1907
7514 548
7515 1181
7516 453
7517 117
7518 120
7519 120
7520 122
7521 1179
7528 135
7529 980
7531 598
7533 1052
7534 1309
7537 1203
7538 1809
7539 1251
754 647
7541 352
7543 1534
7544 566
7545 4784
7548 680
7552 1195
7554 163
7555 302
7557 967
7558 1069
7559 433
756 141
7562 599
7564 159
7565 642
7566 3586
7568 576
7569 883
757 291
7570 723
7571 597
7574 163
7576 1356
7577 998
7579 706
758 168
7580 179
7581 175
7583 2418
7584 857
7585 320
7587 973
7590 161
7591 336
7592 1052
7593 1709
7596 1678
7599 445
76 139
7600 1258
7602 27
7603 559
7604 641
7605 1997
7606 991
7609 706
7611 980
7614 973
7618 368
762 646
7620 358
7621 289
7622 130
7623 609
7625 1195
7626 1179
7627 943
7628 3612
7629 1680
7631 242
7632 1843
7633 1198
7634 354
7635 1044
7636 215
7637 135
7638 125
7639 662
764 315
7640 638
7641 131
7642 1205
7643 2500
7644 1311
7645 1669
7647 658
7650 1481
7652 454
7657 138
7659 1238
7662 1554
7669 1399
767 402
7670 380
7671 777
7672 636
7673 585
7674 602
7676 282
7678 651
7679 376
768 1834
7681 137
7682 126
7684 976
7686 268
7687 1529
7690 170
7693 1036
7694 162
7696 426
7698 291
77 133
7700 790
7702 138
7704 553
7707 165
7709 118
7710 2472
7715 834
7716 364
7722 1262
7723 383
7725 426
7726 191
7728 265
7729 333
773 235
7730 277
7732 113
7733 2413
7734 323
7735 284
7736 531
7737 446
7738 175
7739 415
774 569
7742 3363
7743 123
7744 27
7746 123
7747 1428
7749 680
7752 843
7755 199
7757 279
776 125
7761 126
7762 445
7763 914
7764 143
7765 2456
7766 181
7767 2371
7768 127
7769 356
7771 1912
7773 177
7774 282
7775 1843
7776 130
778 250
7782 135
7784 173
7785 193
7789 748
7790 369
7791 1178
7792 2420
7795 151
7796 1148
7797 1121
78 143
780 290
7802 2022
7804 1831
7805 125
7807 195
7809 592
781 196
7810 1047
7813 430
7814 272
7816 603
7817 450
7818 620
7819 167
7820 617
7821 282
7823 1094
7824 664
7825 370
7826 281
7828 137
783 236
7830 458
7831 661
7835 129
7836 365
7837 133
7838 414
7839 612
7840 212
7841 577
7842 822
7843 142
7845 202
7847 622
7848 450
7850 125
7851 129
7854 657
7855 374
7857 131
7858 127
7859 179
7860 179
7861 127
7862 127
7864 452
7865 607
7866 337
7867 502
7869 392
787 589
7870 1291
7871 1128
7872 1281
7873 2798
7874 572
7875 526
7876 1026
7877 1425
7878 87
7879 1424
7880 245
7881 89
7883 462
7884 243
7887 225
7888 483
7891 420
7893 1594
7894 125
7895 454
7896 492
7897 449
7899 759
7901 1286
7902 782
7903 946
7904 1764
7907 1143
791 704
7912 518
7913 115
7914 205
7917 2085
7918 2399
7920 179
7921 277
7922 119
7924 627
7927 3609
7928 442
793 784
7930 749
7934 2956
7935 451
7937 2890
7939 759
7940 2129
7942 125
7943 187
7948 422
7949 312
7950 1415
7951 615
7953 693
7954 390
7955 132
7956 133
7957 675
7958 246
7959 1347
7961 733
7962 683
7963 664
7964 623
7966 598
7967 314
7968 861
7969 135
797 593
7970 531
7971 137
7972 2069
7974 250
7975 285
7977 1647
7979 261
798 810
7980 332
7983 283
7984 200
7985 643
7987 112
7990 127
7991 27
7992 441
7993 654
7994 310
7997 400
80 504
800 863
8000 1108
8001 321
8002 127
8003 1251
8004 3914
8005 247
8007 216
8008 1811
8009 3456
8010 1153
8011 127
8012 430
8015 1681
8016 124
8017 328
8020 646
8021 831
8022 1437
8023 626
8025 27
8026 283
8027 669
8028 123
8029 2775
8030 324
8032 550
8036 439
8039 972
8040 1260
8041 2691
8044 3265
8045 559
8047 340
8048 211
8050 402
8051 402
8055 4652
8056 776
8060 4097
8063 1267
8064 684
8068 1838
8069 3850
8074 3236
8080 2940
8085 2150
8086 1143
8087 407
8088 1672
8089 506
8091 2749
8094 1096
8096 1337
8097 1622
8098 4351
81 615
8100 1862
8102 1007
8103 674
8105 1254
8106 2434
8108 924
8109 2078
811 300
8111 1147
8112 341
8113 1275
8115 4074
8117 2286
8119 523
8120 153
8123 161
8125 579
8126 336
8130 1815
8131 1749
8132 1038
8134 1567
8135 1864
8137 4832
8138 655
8140 1032
8141 1732
8144 149
8145 393
8147 538
8149 689
8151 1821
8153 1023
8155 650
8156 1290
8158 1171
8159 545
816 709
8160 1715
8161 1224
8162 1847
8163 854
8164 1315
8166 1952
8167 681
8168 709
8169 27
817 298
8172 1150
8173 1834
8174 661
8176 1741
8177 691
8178 1254
8179 1770
818 248
8180 131
8182 183
8184 674
8186 2434
8188 2078
8189 1622
8190 812
8193 1262
8194 402
8197 287
8198 2932
8199 379
82 488
820 573
8200 3163
8204 923
8205 1326
8206 649
8209 784
8210 3540
8211 507
8212 482
8213 556
8214 731
8217 426
8218 133
8219 185
8220 505
8221 462
8222 1246
8223 87
8224 657
8225 1669
8226 248
8227 254
8229 767
8234 720
8236 280
8240 871
8244 827
8245 109
8246 454
8247 535
8252 3453
8253 149
8254 142
8255 246
8257 1122
8258 1673
8259 637
8262 1051
8264 347
8269 120
8270 139
8273 803
8275 486
8276 476
8279 133
828 115
8286 269
8287 402
8288 677
8289 513
829 1715
8291 478
8292 312
8293 331
8294 257
8296 304
8297 146
8298 466
8299 550
83 296
830 135
8300 496
8302 177
8306 265
8308 933
8309 494
8311 1348
8313 398
8314 1975
8317 264
8318 247
8319 607
8320 496
8322 575
8326 181
8327 479
833 1597
8331 1255
8334 452
8335 312
8337 467
8338 133
8339 324
834 433
8340 311
8342 1099
8343 143
8344 356
8347 683
8349 883
835 1220
8350 258
8351 398
8353 334
8355 577
8359 1043
836 1188
8361 470
8363 302
8364 236
8366 198
8367 336
8368 107
837 753
8370 258
8373 942
8374 761
8378 116
8387 169
8388 433
839 1016
8391 536
8394 495
8396 615
8399 152
840 1067
8400 1908
8401 426
8402 151
8405 1192
8406 743
8407 267
8409 141
8413 1562
8415 615
8416 2403
842 777
8421 3263
8422 1136
8424 289
8425 195
8426 114
8427 2238
8428 440
8429 131
843 3495
8430 1114
8432 352
8433 167
8435 485
8438 1932
844 727
8440 2048
8441 4002
8443 175
8446 1174
8447 429
8448 256
8449 1267
8451 560
8453 1153
8454 180
8457 537
8458 133
846 244
8467 410
8472 870
8475 509
8478 1326
8479 508
848 287
8480 542
8481 236
8487 155
8488 331
8489 468
849 379
8490 124
8491 132
8493 743
8496 767
8497 1510
85 127
850 568
8501 132
8502 186
8506 2708
8509 1074
851 706
8510 1966
8512 1230
8513 538
8514 472
8516 1469
8518 1040
852 769
8520 133
8521 532
8522 1663
8526 1289
8528 301
853 2296
8530 240
8533 113
8534 127
8535 1453
8536 155
8540 434
8541 786
8543 283
8544 409
8545 193
8546 357
8547 658
855 834
8553 832
8554 656
8555 141
8556 138
8558 281
8559 318
856 1572
8561 3431
8562 254
8563 3067
8565 284
8567 559
8569 3905
857 750
8571 600
8572 387
8574 509
8577 379
8578 1700
8579 524
8580 418
8581 767
8582 278
8584 113
8585 2520
8586 137
8587 149
8588 625
859 487
8590 149
8591 566
8592 2304
8595 3525
8596 1293
8597 2336
8598 2373
8599 1673
86 111
8600 1879
8602 1643
8603 822
8604 940
8605 115
8606 1750
8607 1192
8608 1513
8609 115
861 425
8610 655
8611 1150
8612 167
8613 828
8614 577
8615 1714
8616 157
8617 159
8618 2467
8619 666
8621 3386
8623 1829
8624 583
8628 3083
8629 542
8630 2400
8632 1448
8635 1817
8636 645
8637 1704
8638 675
8641 625
8643 135
8644 1091
865 280
8654 850
8656 932
8657 566
8658 1192
866 128
8661 1894
8662 2304
8663 1633
8664 3386
8665 131
8666 3083
8667 1817
8668 950
867 1361
8670 779
8671 1476
8672 655
8673 163
8674 625
8675 1939
8676 1513
8677 1517
8678 402
868 617
8681 1097
8683 1170
8684 549
8685 659
8686 832
8688 1228
8689 897
8690 535
8691 1533
8692 598
8694 385
8696 598
8699 598
87 242
870 494
8701 161
8702 1250
8704 1279
8705 2191
8706 1502
8707 1890
8708 1126
8709 139
8710 1192
8711 1743
8713 533
8714 4152
8716 1380
8717 534
872 693
8722 223
8723 1323
8724 155
8725 1657
8726 423
8728 392
873 1507
8730 893
8731 136
8732 387
8733 278
8734 475
8735 695
8736 134
8738 338
874 1804
8740 357
8741 353
8742 305
8744 408
8745 486
8746 5552
8747 2438
8748 697
8749 1402
875 3344
8750 345
8755 1337
8756 1018
8757 975
8758 161
8759 822
8760 274
8761 1132
8765 1744
8767 328
8768 161
8771 1281
8777 476
8778 1482
8780 1078
8781 468
8784 387
8785 119
8788 126
879 109
8791 787
8793 326
8794 352
8795 403
8796 2933
8797 316
8799 1330
880 1713
8800 1550
8802 651
8806 530
8808 116
8810 272
8812 141
8814 162
8815 2237
882 1260
8820 4069
8822 103
8823 1195
8826 348
8829 649
883 512
8830 323
8835 837
8836 478
8837 147
884 446
8845 1487
8846 494
8849 698
885 541
8850 463
8853 1135
8854 1239
8855 1133
8856 1230
8857 679
8858 139
8859 135
886 125
8860 467
8861 1300
8863 1407
8865 309
8866 1113
8868 224
887 830
8873 1137
8877 641
8879 586
8880 706
8882 2285
8884 3360
889 2533
8890 484
8892 487
8893 382
8895 915
8898 127
8899 427
89 129
890 491
8902 2277
8903 976
8905 620
8906 1197
8908 114
8909 552
8911 163
8912 133
8914 700
8915 290
8916 540
8918 151
8919 287
8922 825
8925 236
8928 122
8930 135
8932 2684
8933 1395
8935 406
894 1966
8940 2117
8941 1344
8943 5432
8944 2298
8945 841
8946 345
8947 372
8948 663
895 325
8950 1177
8951 403
8956 535
8959 828
896 1354
8961 3554
8962 955
8964 2082
8965 298
8968 123
8969 283
897 561
8970 265
8971 2306
8972 136
8974 2316
8975 474
8976 759
8977 420
8978 437
8979 1109
8981 388
8982 1544
8983 177
8984 163
8985 137
8986 586
8987 230
899 619
8991 1295
8992 447
8993 693
8995 277
8996 214
8997 241
8998 662
8999 1281
9 395
900 191
9003 297
9007 1126
901 215
9010 153
9012 504
9014 405
9015 1850
9018 457
9020 477
9021 685
9022 4920
9025 563
9027 466
9029 166
903 1838
9030 478
9031 652
9032 2382
9033 499
9034 418
9036 1211
9039 181
904 419
9040 209
9041 125
9044 133
9045 458
9047 3018
9048 1242
9049 239
9051 822
9053 419
9054 149
9055 2321
9056 125
9058 4051
9059 384
9060 1564
9061 1041
9064 645
9065 1250
9066 312
9067 139
9068 145
9069 2396
9072 1208
9073 141
9074 120
9075 1225
9076 2668
9077 980
9079 456
908 1099
9081 639
9087 1076
9088 831
9090 516
9091 244
9093 268
9094 261
9095 244
9097 755
9098 618
9100 586
9101 440
9102 518
9103 135
9104 608
9107 378
9108 628
9110 3576
9111 270
9112 1888
9113 182
9115 164
9116 116
9117 114
9118 145
9120 611
9124 542
9127 737
9128 147
9129 709
913 543
9131 161
9132 131
9133 398
9134 1879
9135 703
9137 153
9138 1211
9139 3292
9142 2518
9143 522
9146 673
9147 653
9149 2360
915 938
9152 191
9153 666
9155 1389
9156 1685
9158 946
9159 141
9160 1170
9161 626
9162 165
9163 1812
9164 517
9165 357
9166 1242
9170 5323
9171 640
9172 967
9175 1331
9177 247
9178 615
918 1385
9181 957
9182 2046
9184 1239
9187 357
9189 656
9190 1203
9192 656
9193 454
9194 1198
9195 315
9196 805
9197 346
92 147
920 689
9201 572
9202 1159
9203 4426
9204 697
9205 1316
9206 2577
9207 951
9208 1852
921 1821
9210 1186
9213 2357
9214 611
9216 1211
9217 253
9218 320
922 3231
9220 1879
9222 1242
9224 1128
9228 27
9229 490
9230 1455
9231 552
9232 539
9234 428
9235 495
9237 411
9238 314
9239 205
924 522
9240 259
9242 706
9243 151
9246 1116
925 4876
9250 184
9252 429
9253 1739
9255 123
9258 512
9259 604
926 1841
9260 127
9261 267
9263 243
9264 103
9265 315
9266 178
9267 321
9268 258
9270 241
9271 144
9272 135
9273 453
9274 322
9277 1106
9278 218
9279 2995
9280 587
9282 113
9283 1278
9284 167
9285 480
9287 199
9288 247
929 533
9290 628
9293 1179
9294 575
9295 2126
9296 1308
9299 305
93 271
930 582
9301 413
9302 501
9304 185
9305 1084
9306 137
9308 147
9311 247
9312 354
9313 130
9314 545
9315 1638
9316 380
932 649
9324 275
9326 352
9327 1105
9328 2081
9330 656
9332 393
9333 387
9334 461
9335 184
9336 3014
9337 613
9338 502
9339 412
934 51
9343 396
9345 1093
9346 180
9348 1230
9349 392
9352 667
9354 124
9356 412
9357 133
9361 574
9362 412
9363 606
9364 270
9365 202
9366 242
9369 126
937 1719
9371 443
9372 353
9373 804
9374 508
9377 169
9378 468
938 1225
9381 561
9382 1278
9383 471
9385 115
9388 980
9389 221
939 718
9392 444
9393 891
9397 149
9398 692
9399 413
94 159
940 1204
9403 1462
9405 323
9406 2162
9408 1857
941 638
9410 460
9412 139
9413 485
9414 403
9415 1184
9417 149
942 1841
9422 134
9423 779
9425 284
9426 137
9427 397
9428 159
9429 333
943 211
9431 269
9432 500
9433 639
9434 500
9435 151
9436 3687
9437 1301
9438 190
944 242
9441 323
9443 929
9444 246
9445 2225
945 559
9450 1067
9453 354
9454 922
9463 133
9465 1333
9469 167
9470 4590
9472 515
9473 470
9475 286
9477 117
9478 297
9479 2179
9484 621
9486 366
9487 1619
9488 1666
9489 342
949 163
9491 27
9493 167
9497 281
9498 498
9499 177
95 155
9502 398
9503 133
9505 679
9509 1023
9510 312
9511 93
9515 571
9519 699
952 1507
9521 3631
9525 596
9526 1536
9527 637
953 395
9530 140
9531 142
9532 2078
9534 137
9535 1605
9538 512
9539 776
9543 1137
9544 1501
9547 124
9549 1672
955 1902
9550 803
9551 241
9554 2039
9556 541
9557 526
9558 238
9559 1579
9560 1165
9561 613
9562 635
9563 435
9565 161
9566 314
9570 274
9572 186
9573 163
9576 242
9577 180
9578 130
958 51
9580 118
9582 2963
9583 2286
9585 830
9587 128
9588 124
9590 1604
9592 1145
9597 133
9598 103
9599 328
96 436
960 2844
9600 155
9603 1063
9604 1051
9605 469
9606 272
9607 2228
9608 413
9610 454
9611 355
9612 126
9613 126
9614 173
9615 532
9617 2387
9618 788
9619 298
9625 462
9626 175
9628 1177
963 654
9634 1706
9635 143
9637 2707
9638 3400
9639 2170
9640 636
9641 1279
9642 656
9644 286
9647 236
9650 2742
9652 338
9654 672
9656 1683
9657 1156
9661 505
9667 4305
9668 669
9671 132
9674 1243
9675 571
9677 451
9678 248
968 367
9680 929
9681 655
9682 357
9686 155
9689 2055
969 1750
9697 584
9698 145
9699 161
97 2426
9700 1062
9701 1720
9704 1936
9705 554
9706 2647
9707 942
971 1214
9712 674
9718 649
972 157
9720 1078
9723 161
9727 143
9728 750
9729 567
9730 1212
9731 175
9733 4261
9734 2351
9735 155
9736 1886
9737 167
9738 665
974 1583
9741 578
9742 1914
9744 362
9745 407
9746 1382
9747 189
9748 181
9749 3650
9751 1006
9752 625
9753 594
9754 3658
9755 1872
9756 405
976 167
9760 2680
9761 2262
9763 1889
9764 4353
9767 149
9768 165
9769 1798
977 1837
9770 1722
9771 1152
9772 173
9773 183
9777 674
9779 954
978 605
9781 183
9782 2615
9783 611
9784 3477
9787 348
9792 935
9793 3132
9795 1943
9797 1551
9799 1315
98 322
9801 649
9804 1174
9805 169
9807 383
9809 342
981 113
9810 430
9812 466
9814 352
9815 159
9816 584
9818 621
982 1299
9821 1444
9822 1001
9823 139
9824 173
9825 220
9827 136
9829 423
983 2542
9833 1000
9834 473
9836 1155
9837 113
9839 573
984 511
9841 1432
9844 468
9847 743
9848 4470
9849 837
985 139
9850 380
9851 195
9852 137
9853 1315
9855 482
9857 181
9858 522
986 414
9860 359
9861 1191
9862 105
9864 1809
9865 533
9866 1683
9867 583
9868 142
9869 1393
9871 1377
9872 653
9874 1371
9875 212
9878 135
988 963
9880 290
9884 385
9891 683
9892 1667
9893 509
9894 278
9896 344
9897 1006
99 27
9901 133
9902 113
9903 605
9904 193
9905 1714
9906 834
9907 2340
9909 368
991 1233
9912 681
9913 715
9914 887
9915 647
9918 429
9919 458
9920 384
9923 2033
9925 326
9926 634
9927 979
9928 1312
9929 527
9930 430
9933 1335
9934 151
9936 113
9937 576
9939 165
9940 1823
9941 247
9942 133
9943 653
9946 2556
9947 1699
995 424
9952 1285
9953 2038
9954 1934
9955 177
9956 951
9957 1064
9958 185
9959 1441
9961 401
9963 417
9964 134
9965 156
9967 990
9970 340
9971 971
9972 117
9973 355
9974 594
9975 4525
9976 653
9977 603
9978 4617
998 593
9981 574
9982 669
9984 642
9985 127
9988 337
9989 615
999 280
9992 122
9993 121
9994 352
9995 177
