46400 1.0
46403 1.0
46391 1.698 46403 1.477
46400 1.0
46391 1.301 46400 1.0
46400 1.0
46400 1.301
46403 1.0
46403 1.0
46391 1.0
46400 1.0
46391 1.0
46400 1.0
46391 1.0
46400 1.0
46403 1.0
46391 1.0
46391 1.0
46400 1.0 46403 1.0
46403 1.0
46403 1.903
46403 1.0
46391 1.0
46391 1.0
46391 1.0
46403 1.0
46400 1.0
46391 1.0
46391 1.0
46400 1.0 46403 1.0
46391 1.0
46400 1.301
46403 1.0
46400 1.0
46403 1.0
46403 1.0
46391 1.0
46391 1.301 46403 1.301
46400 1.0
46391 1.0
46403 1.0
46400 1.0
46391 1.0
46403 1.0
46400 1.0
46391 1.0 46400 1.0
46403 1.0
46391 1.0
46391 1.0
46403 1.0
46391 1.0 46400 1.0
46403 1.0
46391 1.0
46403 1.301
46391 1.477
46400 1.0
46400 1.0
46391 1.0
46391 1.602 46403 1.0
46403 1.0
46391 1.698 46403 1.0
46391 1.698 46403 1.301
46403 1.477 46391 1.0
46400 1.903 46391 1.845 46403 1.301
46400 1.602 46403 1.477
46403 2.204 46391 1.698 46400 1.477
46400 1.0
46391 1.0
46400 1.0 46403 1.0
46391 1.0 46400 1.0
46403 1.0
46400 1.0
46403 1.0
46391 1.0 46400 1.0
46400 1.602
46391 1.0 46403 1.0
46400 1.0
46391 1.0
46403 1.301
46403 1.0
46391 1.0
46391 1.0
46403 1.698
46391 1.0
46403 1.0
46391 1.0
46391 1.301
46391 1.0
46403 1.0
46403 1.0
46400 1.0
46403 1.698
46391 1.0
46403 1.0
46391 1.0
46403 1.0
46391 1.0
46403 1.0
46403 1.0
46391 1.0
46391 1.0 46400 1.0
46400 1.0
46403 1.0
46400 1.477 46403 1.477
46400 1.0
46391 1.0 46403 1.0
46403 1.0
46400 1.602
46403 1.0
46400 1.0
46403 1.0
46400 1.0
46403 1.0
46403 1.0
46403 1.0
46403 1.0
46403 1.0
46403 1.0
46400 1.602
46391 1.0
46391 1.903
46403 1.0
46391 2.146
46403 1.301
46403 1.301 46391 1.0
46400 1.0
46403 1.0
46391 1.0 46403 1.0
46403 1.0
46391 1.0
46403 1.0
46403 1.0
46391 1.0
46400 1.0
46400 1.0 46403 1.0
46403 2.113 46391 1.602
46403 1.0
46400 1.0
46403 1.0
46391 1.301
46391 1.0
46403 1.0
46403 1.0
46400 1.0
46391 1.0
46400 1.0
46400 1.0
46400 1.0
46391 1.0
46403 1.0
46403 1.0
46403 1.0
46403 1.602 46391 1.301
46400 1.301
46391 1.602 46400 1.0
46400 1.0
46403 1.0
46391 1.0
46403 1.0
46403 1.0
46400 1.0
46391 1.0 46400 1.0
46403 1.0
46391 1.0
46400 1.0
46403 1.0
46403 1.0
46403 1.477
46391 1.0
46391 1.0
46391 1.0
46391 1.0
46400 1.0
46403 1.0
46403 2.903 46391 2.886 46400 2.462
46400 2.602
46391 1.0
46400 1.0
46391 1.0
46400 1.845 46403 1.698 46391 1.602
46391 1.0 46403 1.0
46403 1.477 46400 1.0
46403 2.707
46403 1.477
46400 1.301 46403 1.301
46391 1.0 46400 1.0 46403 1.0
46391 1.301 46403 1.301
46400 1.0
46403 2.146 46400 1.0
46391 1.0
46403 1.0
46403 2.230 46391 1.0
46403 1.301 46391 1.0
46403 1.477 46400 1.301 46391 1.0
46391 1.0
46403 1.778
46391 1.0
46391 1.602
46403 1.0
46391 1.0
46391 1.0
46391 1.0
46400 1.602 46391 1.0 46403 1.0
46391 1.301
46403 1.0
46403 1.954
46391 1.301
46391 1.0
46403 1.0
46391 1.0
46403 1.0
46403 2.342 46400 1.954 46391 1.698
46403 1.0
46403 1.778 46391 1.477
46403 2.146 46391 1.698 46400 1.698
46403 1.0
46391 1.0
46391 1.301 46403 1.301 46400 1.0
46391 1.0
46400 1.0 46403 1.0
46400 1.301
46403 1.0
46403 1.0
46403 1.0
46403 1.477
46391 1.903 46403 1.903 46400 1.0
46391 1.477 46400 1.301 46403 1.0
46400 1.301 46403 1.0
46403 1.698 46400 1.477 46391 1.0
46403 1.477
46403 1.477
46403 1.602
46403 1.954
46403 2.146 46400 1.778 46391 1.477
46391 1.0
46391 1.602
46403 1.0
46400 1.0
46400 1.0 46403 1.0
46403 1.0
46403 2.653 46391 2.113 46400 1.903
46391 1.301
46391 1.0
46403 3.107 46391 2.869 46400 2.857
46403 1.602
46391 2.041 46403 1.903 46400 1.602
46391 1.0
46391 1.0
46391 1.698 46400 1.301
46403 1.477 46400 1.0
46403 1.301
46400 1.301 46403 1.0
46391 1.0
46403 1.0
46403 1.0
46403 1.0
46403 1.0
46400 1.903 46403 1.903 46391 1.301
46391 1.845 46400 1.0 46403 1.0
46403 3.217 46400 2.568
46391 1.602 46400 1.0 46403 1.0
46391 1.778 46403 1.477
46391 1.778 46403 1.602
46391 1.0
46391 1.0
46400 1.301 46391 1.0
46403 1.778 46391 1.602 46400 1.0
46391 1.0
46391 1.0
46400 1.301 46391 1.0
46391 1.301 46400 1.0
46391 1.301
46403 1.0
46403 1.602
46403 2.579 46391 2.531 46400 2.041
46391 1.698 46403 1.0
46403 1.301
46403 2.447 46400 1.698 46391 1.301
46403 1.698
46391 1.0
46403 1.301
46403 1.602
46391 1.0
46403 2.431 46400 2.230 46391 2.146
46403 1.301
46403 1.301 46391 1.0 46400 1.0
46391 1.0 46403 1.0
46391 1.301
46391 1.301
46391 1.0
46403 1.0
46403 2.079 46391 1.0 46400 1.0
46403 1.845
46403 2.079
46403 2.0 46400 1.0
46400 1.698 46403 1.602
46400 1.301 46391 1.0
46391 1.0
46391 1.0
46391 1.301
46403 1.0
46403 1.0
46403 1.301 46391 1.0
46391 1.0
46400 2.230
46391 2.623 46403 2.556 46400 1.903
46403 1.0
46391 1.0 46403 1.0
46391 1.903 46403 1.477 46400 1.0
46403 1.602
46403 2.579 46391 2.477 46400 1.698
46400 1.0
46403 1.845 46391 1.301 46400 1.301
46403 1.0
46403 1.845
46403 1.0
46403 1.301 46400 1.0
46403 1.477
46403 1.477
46400 1.301
46391 1.778 46403 1.0
46391 1.0
46403 1.301 46391 1.0
46403 1.698
46391 1.301
46403 1.0
46391 1.778 46403 1.0
46400 1.0
46391 1.602
46403 1.477
46400 1.301
46391 1.0
46400 2.146
46391 1.0 46400 1.0
46403 1.301
46400 2.301
46391 1.0
46403 1.0
46391 1.903 46403 1.602 46400 1.0
46400 1.301
46400 1.778
46400 1.301
46400 1.0
46403 1.602
46400 1.0
46400 1.301 46391 1.0
46403 1.954 46400 1.301
46403 1.0
46391 1.698 46403 1.602 46400 1.301
46391 1.0 46403 1.0
46391 2.544 46403 2.230 46400 2.146
46403 1.301
46391 1.778 46403 1.602 46400 1.477
46403 1.0
46400 2.755 46391 1.845 46403 1.477
46391 1.301
46403 2.0 46400 1.602 46391 1.301
46400 1.301 46391 1.0
46403 1.0
46403 2.462 46391 1.845
46391 1.0
46391 1.0
46400 1.0
46391 2.361 46403 2.176 46400 2.0
46391 1.0
46391 1.0
46391 1.0
46391 1.0
46403 2.0
46403 1.0
46391 1.0
46403 1.0
46400 1.0
46403 2.079 46400 1.698 46391 1.477
46403 1.0
46400 1.845 46403 1.477
46391 1.602
46391 1.301
46400 1.0
46400 1.301
46391 1.301
46403 1.0
46391 1.477
46391 1.0
46403 1.0
46403 1.0
46400 1.301
46391 1.477 46403 1.301
46400 1.0
46391 1.301
46391 2.113
46391 1.301 46400 1.301 46403 1.301
46403 1.0
46403 1.903 46391 1.698
46391 1.301
46403 1.0
46391 1.845
46403 1.0
46403 1.602 46400 1.0
46400 1.602
46400 1.301
46400 1.301 46391 1.0 46403 1.0
46403 1.0
46403 2.0 46400 1.602 46391 1.477
46403 1.301
46403 1.903
46400 1.903
46403 1.477
46391 1.698
46391 1.301
46391 1.0
46400 1.477 46403 1.301
46403 1.0
46391 1.698
46391 1.602 46403 1.0
46403 1.0
46403 1.602
46391 1.0 46403 1.0
46391 1.0
46403 1.477 46391 1.301
46391 1.477
46391 1.301
46403 1.301 46400 1.0
46391 1.0
46391 1.602
46403 1.0
46391 1.301
46391 1.0 46403 1.0
46403 1.0
46391 1.0 46400 1.0 46403 1.0
46400 1.477 46391 1.0
46391 1.301
46391 1.301 46403 1.0
46391 1.0
46403 1.301 46391 1.0
46400 1.301 46391 1.0
46391 1.0 46403 1.0
46403 1.0
46391 1.301
46403 1.301
46403 1.698
46403 1.0
46400 1.0
46403 1.0
46403 1.903 46391 1.301
46400 1.477 46403 1.477
46391 1.301
46391 1.0
46403 1.0
46391 1.0 46400 1.0
46391 1.0
46391 1.0
46391 1.0
46403 1.602 46391 1.477
46400 1.778 46403 1.602
46403 1.301
46391 1.0 46400 1.0 46403 1.0
46400 1.0 46403 1.0
46391 1.301 46400 1.0 46403 1.0
46403 1.301 46391 1.0
46403 2.397
46403 1.602
46403 1.0
46403 2.204 46391 2.0 46400 1.0
46403 1.0
46391 2.113 46403 1.778 46400 1.301
46391 1.698 46403 1.0
46391 2.301 46403 2.230 46400 1.602
46391 2.301
46403 1.0
46391 1.602 46403 1.0
46391 1.0
46403 1.301
46403 2.113 46391 1.845 46400 1.301
46403 2.176 46391 1.301 46400 1.301
46400 1.0
46391 1.301
46391 1.301
46400 1.0
46400 1.778
46400 1.0
46400 1.0
46391 1.477
46403 1.954
46391 1.602 46400 1.0 46403 1.0
46400 1.602 46391 1.301
46400 1.0
46391 1.477 46403 1.0
46391 1.301
46391 1.301
46391 1.0
46391 1.0
46391 1.778
46391 1.602 46403 1.602 46400 1.0
46391 1.0
46403 2.079 46400 1.698
46403 1.0
46391 1.0
46391 1.602 46403 1.301
46391 1.301
46403 1.0
46403 1.0
46400 1.477 46403 1.0
46391 1.0 46400 1.0
46403 1.0
46400 1.0 46403 1.0
46391 1.0
46391 1.301
46403 1.0
46403 1.301
46403 1.0
46400 1.0
46403 1.0
46403 1.0
46403 1.0
46400 2.041 46403 2.041 46391 1.602
46391 1.0
46391 1.0 46403 1.0
46403 1.0
46400 1.301
46403 1.0
46400 1.0
46403 1.477
46403 1.0
46391 1.0
46403 1.0
46403 1.0
46391 1.0
46391 1.0 46400 1.0
46391 1.301
46403 1.301
46391 1.602 46403 1.477
46403 1.0
46391 1.0 46403 1.0
46403 1.0
46391 1.0 46403 1.0
46391 2.278
46391 1.477
46403 1.0
46391 1.698
46391 1.477 46403 1.0
46403 1.301
46403 1.845 46391 1.301
46391 1.698
46391 1.0
46403 1.602
46403 1.477 46400 1.0
46391 1.301
46391 1.301 46403 1.301 46400 1.0
46403 1.903
46391 1.477
46403 1.698
46403 1.778
46403 1.477
46403 1.0
46403 1.954 46391 1.0
46403 1.477
46403 2.146
46403 1.602
46391 1.903
46403 1.0
46391 1.0
46391 1.477 46400 1.477 46403 1.301
46403 1.0
46400 1.477 46391 1.0 46403 1.0
46391 1.0
46403 1.301
46391 1.301 46400 1.0 46403 1.0
46391 1.301 46403 1.0
46403 1.698 46400 1.477
46391 1.0
46403 1.0
46391 1.477
46403 1.477
46400 1.602
46400 1.0
46403 1.0
46391 1.301 46400 1.0 46403 1.0
46391 1.698
46403 1.477
46403 1.0
46391 1.0
46391 1.0
46391 1.0
46403 1.0
46403 1.0
46391 2.204 46403 1.602
46403 1.845
46403 1.477 46391 1.301 46400 1.0
46400 1.0
46391 1.602
46403 1.602
46400 1.0
46403 1.0
46400 1.477 46403 1.477
46400 1.477 46403 1.301
46391 1.477
46403 1.0
46391 1.477 46403 1.477 46400 1.0
46403 1.301 46391 1.0
46400 1.0
46403 1.0
46391 2.361 46403 2.230 46400 2.176
46403 1.698
46403 1.0
46403 1.0
46403 1.477 46400 1.0
46403 1.0
46391 1.0
46403 1.0
46403 1.0
46391 1.0
46391 1.698
46391 1.845 46403 1.301
46400 1.602
46403 1.0
46400 1.602 46391 1.0
46391 1.0
46403 1.0
46403 1.301
46391 1.301
46391 1.0
46391 1.0
46403 1.602 46391 1.0
46403 1.602
46403 1.301
46391 1.0
46400 1.0
46403 1.477
46403 1.0
46391 1.0
46403 1.477
46400 1.0
46391 1.0
46400 1.0
46403 1.0
46403 1.0
46403 2.322 46391 2.113 46400 1.602
46403 1.0
46403 2.079 46400 1.301
46391 1.698 46403 1.301
46400 1.301
46403 1.0
46403 1.0
46391 1.301
46391 1.0
46391 1.301
46400 1.0
46400 1.477 46391 1.301
46391 1.301
46400 1.0
46403 1.0
46391 1.0
46400 1.0
46403 1.0
46391 1.698
46391 1.0
46403 2.278 46400 1.845 46391 1.602
46400 1.477 46403 1.477
46391 1.0
46403 1.903 46391 1.845
46403 1.0
46391 1.301
46403 1.477
46403 1.0
46403 1.0
46403 1.954 46400 1.698 46391 1.602
46391 1.0
46391 1.0
46391 2.812 46403 2.556 46400 2.0
46403 1.301
46391 1.0
46403 1.0
46391 2.113
46391 1.477
46391 2.278
46400 1.0
46391 1.0
46391 1.0
46391 1.0
46391 1.301
46400 1.477
46403 2.0 46391 1.602 46400 1.477
46400 1.301 46391 1.0 46403 1.0
46403 1.301
46400 1.0 46403 1.0
46391 1.0
46391 2.204 46403 2.176 46400 1.903
46403 1.301
46403 1.0
46403 1.0
46403 1.602
46391 1.477
46391 1.602
46391 1.0
46403 1.602 46391 1.301 46400 1.0
46400 1.0
46400 1.0
46391 1.301 46400 1.0 46403 1.0
46403 1.0
46403 1.301
46403 1.698
46391 1.0 46403 1.0
46403 1.698
46391 1.301
46403 1.954 46400 1.301 46391 1.0
46391 1.301 46400 1.0 46403 1.0
46391 1.0
46403 1.301
46403 2.431
46403 2.431 46400 1.477
46391 1.602
46400 1.698 46403 1.0
46403 1.301
46403 1.0
46403 1.778
46400 1.301
46391 1.602 46403 1.477
46403 1.0
46403 1.0
46403 1.0
46403 1.0
46403 1.0
46400 1.0
46391 2.0 46403 1.845 46400 1.0
46403 3.190 46391 2.531 46400 1.954
46403 1.0
46403 1.0
46400 1.0
46391 1.477 46400 1.301 46403 1.301
46391 1.0
46403 1.0
46391 1.0
46403 1.301 46400 1.0
46391 1.0
46403 2.431 46391 2.414 46400 1.477
46400 1.0
46403 3.209 46391 2.591 46400 2.146
46403 1.477
46391 1.698 46403 1.301
46403 2.0 46400 1.0
46391 1.0
46391 1.0 46403 1.0
46403 1.0
46391 1.698 46403 1.477
46391 2.505 46400 2.505 46403 2.380
46403 1.0
46403 1.0
46403 2.845 46391 2.380 46400 1.301
46403 1.602 46391 1.477 46400 1.0
46403 1.0
46391 1.301
46403 2.681 46391 1.845 46400 1.698
46403 1.602 46391 1.477 46400 1.0
46391 1.0 46403 1.0
46391 1.0
46403 1.845
46391 1.477
46403 1.301
46403 1.602
46391 1.698
46391 1.301
46403 1.0
46400 1.0
46403 1.301
46391 1.602
46391 1.0 46403 1.0
46403 1.0
46400 1.0
46400 1.0
46403 1.903 46391 1.477 46400 1.301
46391 1.778 46403 1.698 46400 1.0
46403 1.0
46403 1.0
46403 1.0
46391 1.698
46391 1.0
46403 2.623 46391 2.146 46400 1.698
46391 1.0
46403 1.477 46400 1.0
46403 2.361 46391 2.079 46400 1.698
46403 1.477 46391 1.0
46391 1.0
46391 1.0
46391 1.301
46391 1.0
46403 1.0
46403 1.602 46391 1.477
46403 1.0
46403 1.301
46403 1.602
46400 1.477 46403 1.301
46403 3.041 46391 3.008 46400 2.778
46391 1.301
46403 1.0
46391 1.0
46391 1.0
46400 1.0 46403 1.0
46403 1.0
46403 1.477 46391 1.301
46400 1.0 46403 1.0
46391 1.477 46403 1.0
46391 1.0
46391 1.477
46403 1.698 46400 1.301
46391 1.0
46403 2.079
46403 1.0
46391 1.845 46400 1.477
46400 1.0
46391 1.477 46400 1.0 46403 1.0
46403 1.301
46403 1.0
46403 1.0
46391 2.414 46403 1.0
46403 1.0
46400 1.301
46403 1.301
46391 1.0
46391 1.0
46391 1.0
46403 1.301
46403 1.0
46391 1.301 46400 1.0
46391 1.0
46391 1.301 46403 1.0
46403 1.301
46391 1.477 46403 1.477
46391 1.477 46403 1.301
46403 2.146 46400 1.301
46391 1.0 46403 1.0
46403 1.0
46400 1.0
46400 1.0 46403 1.0
46403 2.146 46400 1.602
46403 1.0
46391 2.079 46400 1.0 46403 1.0
46403 1.903 46391 1.477
46403 1.0
46403 1.0
46391 1.0
46391 2.672 46403 2.361 46400 1.778
46391 1.778 46403 1.477 46400 1.0
46403 2.431 46391 2.397 46400 1.477
46391 1.0
46391 1.477 46400 1.0
46391 1.0 46403 1.0
46391 1.0
46391 1.301 46403 1.0
46400 1.602 46403 1.477 46391 1.0
46391 2.0
46391 1.0
46391 1.0
46403 1.0
46403 2.653 46391 1.477 46400 1.0
46403 1.845 46391 1.477 46400 1.301
46391 1.0 46403 1.0
46400 1.698
46403 1.602
46391 1.301
46391 1.301
46391 1.477
46403 1.301
46391 1.698 46403 1.301
46403 1.698 46391 1.0 46400 1.0
46403 1.0
46391 1.477
46403 1.301 46400 1.0
46400 1.0
46391 1.0
46391 1.0
46391 1.0
46403 1.477
46403 1.301
46403 1.778
46403 1.301
46391 1.301
46391 1.0 46400 1.0
46391 1.301
46391 1.301 46400 1.0 46403 1.0
46391 1.0
46403 1.477
46391 1.0
46403 1.0
46391 1.0
46391 1.0
46403 1.845 46391 1.301 46400 1.0
46391 1.698 46403 1.602 46400 1.301
46403 1.698
46400 1.602
46391 1.0
46391 1.0
46400 1.301 46391 1.0
46391 1.301
46391 1.954 46400 1.698
46400 1.477 46403 1.0
46391 1.602
46403 1.0
46403 1.0
46403 2.431 46400 1.0
46391 1.602
46403 1.0
46403 1.0
46400 1.0
46391 1.0
46391 1.0
46403 1.0
46403 1.0
46391 1.301 46403 1.0
46403 1.301
46391 1.301
46400 1.477
46403 1.0
46403 1.0
46391 1.301
46391 1.0
46391 1.301 46403 1.0
46391 1.0
46391 1.0
46400 1.0
46391 1.477
46391 1.301 46400 1.0 46403 1.0
46391 1.0
46403 1.0
46403 1.0
46403 1.0
46391 1.845
46391 1.0
46400 1.0 46403 1.0
46403 2.176 46391 2.0 46400 1.903
46391 2.462 46400 1.954 46403 1.0
46391 1.602
46391 1.301 46403 1.0
46403 1.477
46403 1.602 46391 1.477
46391 1.477
46391 1.0
46403 1.301
46400 1.903
46391 1.0
46403 1.0
46391 1.301 46403 1.0
46391 1.0 46403 1.0
46391 1.0
46391 1.0
46400 1.602
46403 1.698 46400 1.477
46403 2.0 46391 1.0 46400 1.0
46391 2.041 46400 1.301
46403 2.041 46391 1.0
46403 1.477 46391 1.0
46403 1.301
46391 1.0
46391 1.0
46400 1.0
46403 2.041 46391 1.477
46403 1.0
46391 1.698 46403 1.698
46403 1.0
46391 1.0
46403 1.301
46403 1.845 46400 1.301
46403 1.477 46391 1.0
46403 1.301
46400 1.0
46403 1.0
46391 1.0
46400 1.602 46391 1.0
46400 1.0
46403 1.0
46403 1.477
46403 1.301
46391 1.301 46403 1.301 46400 1.0
46400 1.0
46403 1.0
46403 1.0
46403 1.0
46403 2.643
46403 1.301 46391 1.0
46400 1.0
46391 1.0
46391 1.0 46400 1.0 46403 1.0
46391 1.0 46403 1.0
46400 1.0
46391 1.477
46391 1.301
46391 1.698
46403 2.079
46403 1.301
46400 1.0 46403 1.0
46403 1.698 46391 1.0
46403 1.0
46391 1.0
46403 2.0 46391 1.698 46400 1.0
46400 1.0
46391 2.113 46403 1.698 46400 1.301
46391 1.602 46400 1.477 46403 1.0
46400 1.602
46403 1.301 46391 1.0
46391 1.0 46403 1.0
46403 1.301 46400 1.0
46403 1.698
46403 1.0
46403 1.301 46400 1.0
46391 1.477
46400 1.0
46403 1.602
46403 2.707
46403 1.0
46391 2.041
46391 2.447 46403 2.176 46400 1.477
46391 1.301 46403 1.301
46403 1.301
46391 1.0 46403 1.0
46403 1.0
46403 2.740 46391 2.518 46400 2.301
46403 1.698 46391 1.301
46391 1.301 46403 1.301
46391 1.0
46391 1.301 46400 1.0 46403 1.0
46400 1.0
46400 1.0
46400 2.380
46391 1.602 46403 1.301 46400 1.0
46403 1.602 46391 1.301
46391 1.0 46403 1.0
46403 1.477
46391 1.301
46391 1.0
46403 1.0
46391 1.602 46400 1.0
46391 1.301
46403 3.309 46391 3.193 46400 2.880
46403 1.903 46400 1.0
46403 1.778 46400 1.602 46391 1.301
46403 2.681 46400 1.0
46400 1.903 46391 1.845
46391 1.0
46391 1.698
46391 2.612 46403 2.556 46400 2.176
46391 1.0 46403 1.0
46403 2.278 46391 1.602 46400 1.477
46403 2.255 46391 1.301
46403 2.041 46391 1.845 46400 1.698
46391 1.0
46391 1.301
46391 1.301 46400 1.0
46403 2.255 46391 2.176 46400 1.778
46391 2.176 46403 1.301
46391 1.0
46403 1.602
46403 1.845 46391 1.778 46400 1.0
46403 1.0
46391 1.698
46400 1.778 46391 1.698 46403 1.477
46403 1.0
46391 1.0
46400 1.698 46403 1.477
46403 1.0
46403 1.0
46403 1.301
46391 1.301
46391 1.845 46403 1.0
46391 1.602
46391 1.301
46403 1.0
46400 1.301 46403 1.301 46391 1.0
46400 2.204
46400 1.0
46400 2.204
46391 1.0
46391 1.477
46400 1.0
46391 1.0
46403 1.0
46403 1.0
46391 1.477
46391 1.301
46403 1.477 46391 1.0
46391 1.477 46403 1.301
46391 2.146 46400 1.0 46403 1.0
46403 1.477
46391 1.0
46391 1.301 46400 1.0 46403 1.0
46391 1.0
46391 1.477
46403 1.301
46391 1.301
46391 1.0
46391 1.0
46400 1.602
46391 1.477
46400 1.0 46403 1.0
46403 1.0
46403 1.602
46391 1.0
46391 1.0
46391 1.903 46403 1.698
46391 1.477
46391 1.0
46391 1.0
46403 1.0
46391 1.954
46391 2.414
46391 1.0
46391 1.0
46400 1.845 46403 1.301
46403 1.301
46403 1.0
46391 1.954
46403 1.0
46400 1.778
46403 1.477 46400 1.301 46391 1.0
46391 1.301
46391 1.0 46403 1.0
46400 1.0
46400 1.301
46403 1.0
46403 1.698
46403 1.0
46391 1.0
46403 1.0
46391 1.698 46403 1.602
46391 2.230 46403 2.230 46400 1.778
46391 1.0 46400 1.0
46391 1.0
46403 1.301
46391 2.518 46400 1.954
46391 1.0
46391 1.301
46391 1.698 46403 1.301
46391 1.778 46403 1.698 46400 1.0
46403 1.0
46391 1.0
46391 1.698
46391 1.0
46391 1.0
46391 1.0
46403 1.0
46391 1.602 46403 1.301 46400 1.0
46391 1.301
46403 2.113
46391 1.0
46403 1.0
46403 1.0
46403 1.477 46391 1.301
46391 2.041
46403 1.0
46391 1.0
46403 1.954 46391 1.778 46400 1.0
46391 2.113 46400 1.0
46403 1.477
46391 1.301
46391 1.301
46403 1.0
46403 1.602
46400 1.0
46400 1.0
46391 1.477 46403 1.0
46391 1.301
46391 2.176 46400 1.301
46391 1.0
46400 2.146 46403 1.903 46391 1.602
46400 1.602 46403 1.602
46391 1.0
46400 1.0
46391 1.698 46400 1.0
46400 1.0
46391 1.301
46391 1.602
46400 1.0
46391 1.845
46400 1.602 46403 1.602
46391 1.301 46400 1.301 46403 1.301
46400 1.301 46403 1.301
46391 1.698
46391 1.0
46403 1.954 46391 1.698
46391 1.477
46391 1.778
46403 1.602 46400 1.477
46403 1.0
46403 1.301
46403 1.301
46403 1.301
46403 1.0
46403 1.0
46391 1.0
46403 1.0
46391 1.698 46400 1.602 46403 1.301
46391 1.0
46403 1.301
46403 1.0
46403 1.477 46391 1.301
46391 1.0
46391 1.0
46400 1.0 46403 1.0
46403 1.0
46391 1.0
46400 1.0
46403 1.301
46403 1.0
46403 1.0
46403 1.0
46391 1.0 46400 1.0
46391 1.301
46403 1.698
46391 1.0
46403 1.778
46403 2.041 46391 1.778 46400 1.477
46403 2.146
46403 1.0
46391 1.477 46400 1.477
46403 1.0
46403 1.0
46391 1.0
46403 1.845 46400 1.301
46403 1.602 46400 1.301
46391 1.0 46400 1.0 46403 1.0
46391 1.0
46403 1.845 46391 1.301 46400 1.301
46403 1.301 46391 1.0 46400 1.0
46391 1.301
46391 1.477 46403 1.0
46400 1.0
46403 1.0
46403 1.778
46391 1.301 46403 1.0
46391 1.477 46400 1.301
46391 1.845 46400 1.0
46391 1.903
46391 1.477 46400 1.0 46403 1.0
46391 1.0
46403 1.0
46391 1.301 46403 1.0
46391 1.0
46403 1.602 46400 1.0
46403 1.698
46403 1.0
46403 1.0
46403 1.477 46400 1.0
46403 2.204 46391 2.146 46400 1.477
46391 1.301
46391 1.0
46391 2.041 46400 1.477 46403 1.0
46391 2.633 46400 1.0 46403 1.0
46391 1.602 46403 1.0
46391 1.903 46400 1.301 46403 1.0
46391 1.0
46403 1.0
46403 1.845 46400 1.698 46391 1.477
46391 1.0
46391 1.0
46403 1.301
46403 1.0
46391 1.903
46391 1.301
46403 1.301
46391 1.778 46403 1.698
46391 1.301
46403 1.698
46391 1.301
46391 1.0 46403 1.0
46403 1.0
46400 1.0
46391 1.301
46391 1.0
46400 1.477
46391 1.301
46403 2.204
46403 2.863 46391 2.755 46400 2.397
46400 1.0
46391 1.477
46403 1.0
46400 1.0
46403 2.204 46391 1.602 46400 1.301
46391 1.698 46403 1.698
46391 1.0
46403 1.0
46403 1.0
46400 1.0 46403 1.0
46391 1.0
46400 1.698 46403 1.698
46403 2.0 46400 1.0
46391 1.0
46403 1.0
46391 1.0
46403 2.113
46391 1.0
46403 1.602 46400 1.0
46400 1.0
46403 1.0
46400 1.301
46391 1.602 46400 1.0 46403 1.0
46391 1.477 46403 1.0
46391 2.041 46400 1.0
46400 1.477
46391 1.301 46400 1.0 46403 1.0
46391 1.301 46403 1.0
46403 1.698
46391 1.698 46400 1.477
46391 1.778
46400 1.698
46403 1.0
46403 1.301 46391 1.0
46391 1.477
46403 2.0 46400 1.477 46391 1.0
46391 1.0
46403 1.0
46400 1.0
46391 1.0 46403 1.0
46403 1.0
46400 1.602
46391 1.0
46391 1.602 46403 1.301 46400 1.0
46391 1.301 46400 1.0
46400 1.0
46391 1.602 46400 1.301
46391 1.301 46400 1.301 46403 1.301
46400 1.845
46391 1.301 46400 1.301 46403 1.0
46400 1.0
46400 2.531 46403 2.255 46391 1.903
46403 1.477
46403 1.301
46391 1.845 46403 1.845 46400 1.0
46391 1.301 46403 1.301 46400 1.0
46400 1.477 46403 1.301 46391 1.0
46400 1.0
46403 1.602 46391 1.301
46403 1.845 46400 1.602 46391 1.0
46391 2.361
46391 1.0 46403 1.0
46403 1.301
46391 2.556
46400 1.845 46391 1.0
46403 1.301 46391 1.0
46391 1.0 46403 1.0
46403 1.477
46391 1.0
46391 1.0
46403 1.698 46391 1.0 46400 1.0
46403 1.301 46400 1.0
46400 1.0
46391 1.0
46400 1.0
46403 1.301 46400 1.0
46400 1.0 46403 1.0
46391 1.477 46403 1.0
46403 1.477
46403 1.602 46391 1.301 46400 1.0
46403 2.301 46391 1.0
46391 1.0
46391 1.0
46400 2.0
46391 1.301
46400 1.698 46391 1.602
46403 1.698
46391 1.0 46400 1.0
46391 1.301 46400 1.301
46391 1.477
46391 1.0
46403 1.0
46391 1.698 46403 1.477
46391 1.0 46403 1.0
46403 1.477 46391 1.0
46403 1.301 46400 1.0
46391 1.0
46391 1.698 46400 1.477
46403 1.0
46403 1.0
46403 1.0
46391 1.0
46391 1.301
46400 1.0 46403 1.0
46403 1.0
46403 1.477
46403 1.0
46391 1.778 46403 1.698 46400 1.0
46403 2.301 46400 2.0 46391 1.477
46400 1.301
46391 1.0
46403 1.0
46403 1.0
46400 1.0
46403 1.0
46391 1.0
46391 1.477 46403 1.0
46400 1.301 46391 1.0
46403 2.301 46400 1.0
46400 1.0
46400 1.301
46400 1.0
46403 1.0
46403 1.0
46391 1.301
46391 1.0
46391 1.698
46400 1.301
46391 1.0
46400 1.301 46391 1.0
46391 1.0 46403 1.0
46403 1.0
46403 1.0
46391 2.041 46403 1.903 46400 1.301
46403 1.301 46400 1.0
46391 1.0 46403 1.0
46391 1.0
46391 1.477
46403 1.0
46403 1.477
46391 1.0
46400 1.477
46400 1.602
46400 1.0
46391 1.0
46403 1.301
46391 1.0
46391 1.0
46403 2.447
46391 1.0
46391 1.0
46403 1.0
46403 1.0
46400 1.0
46391 1.0
46400 1.602
46403 1.301 46400 1.0
46403 1.845 46391 1.477 46400 1.301
46403 1.477
46400 2.176 46403 1.0
46400 1.0
46400 1.0
46403 2.230
46400 1.698
46391 1.301
46403 1.301
46403 1.0
46400 1.698 46403 1.0
46391 1.301 46400 1.0
46403 1.698
46400 1.301 46391 1.0
46391 1.0
46391 1.602 46400 1.0
46391 1.845 46400 1.778 46403 1.778
46391 2.0
46391 1.477
46400 1.0
46403 3.206 46391 2.886 46400 2.724
46403 3.738 46391 3.630 46400 3.334
46400 1.698
46403 1.845 46391 1.778
46403 2.518 46391 1.602 46400 1.301
46400 1.0
46403 2.230 46391 1.778 46400 1.778
46391 2.146 46403 1.845 46400 1.477
46403 1.301 46400 1.0
46403 1.602 46391 1.0 46400 1.0
46403 1.845 46391 1.602 46400 1.301
46403 2.230 46391 1.778 46400 1.602
46391 2.414 46403 2.322 46400 1.602
46403 1.477
46403 1.301 46391 1.0
46391 1.0
46391 1.301
46400 1.903
46400 1.698 46391 1.477 46403 1.301
46400 1.0 46403 1.0
46403 2.041 46391 1.301
46400 1.301
46400 1.0
46391 1.954 46403 1.602 46400 1.0
46391 1.0
46391 1.0
46391 1.301
46403 1.301
46403 1.0
46403 1.602
46403 2.0 46391 1.477 46400 1.477
46400 2.255
46391 1.301
46391 2.230
46403 3.394 46391 3.195 46400 2.740
46403 2.176 46400 1.301
46391 1.0
46403 1.301
46400 1.477
46403 1.301
46391 1.477
46403 1.477
46403 1.778
46391 2.477
46403 1.0
46403 1.0
46391 1.0
46391 1.0
46403 2.079 46400 1.301 46391 1.0
46403 2.662 46391 1.301 46400 1.0
46391 1.0 46400 1.0 46403 1.0
46403 1.301
46403 1.0
46391 1.0 46403 1.0
46391 1.0
46403 1.301
46391 1.602
46391 1.301
46400 1.0
46403 1.954
46403 1.954 46400 1.778 46391 1.477
46400 2.146 46391 1.0
46391 1.301 46403 1.301
46403 1.0
46391 1.0 46403 1.0
46391 1.0
46403 1.0
46403 2.414 46391 1.698 46400 1.698
46400 1.0
46391 1.0
46403 1.0
46391 1.0
46391 1.698
46403 1.477 46391 1.0
46400 1.0
46391 1.0
46391 1.0
46391 1.0 46403 1.0
46403 1.477
46391 1.0
46403 1.301
46391 1.602 46403 1.602
46403 1.0
46391 1.0
46403 1.698 46391 1.301
46403 1.0
46391 2.176 46403 1.954 46400 1.477
46403 1.0
46400 1.301 46403 1.0
46391 1.954
46391 1.477
46403 1.0
46391 1.301
46391 1.0
46391 2.414 46403 2.0
46403 1.0
46403 1.477
46403 1.845 46391 1.0
46403 1.0
46403 2.079
46403 1.778 46391 1.477 46400 1.0
46391 1.0
46400 1.0
46400 1.0
46400 1.301
46403 3.012 46391 2.832 46400 2.568
46400 1.602
46403 1.0
46400 1.0
46403 1.903
46400 1.0
46400 1.0
46400 1.0
46403 1.602
46391 1.477
46403 1.0
46400 1.0
46403 1.0
46403 1.602
46391 1.301 46403 1.301
46403 1.301 46400 1.0
46400 2.544 46391 2.255 46403 2.041
46403 1.845 46400 1.301
46391 1.0
46403 2.447 46391 1.602 46400 1.477
46391 1.903 46403 1.301
46403 1.0
46391 1.0
46403 2.278 46400 1.698 46391 1.602
46403 1.954 46400 1.0
46391 2.322 46403 1.903 46400 1.698
46391 1.602
46391 1.0
46400 2.230
46391 1.954 46403 1.477 46400 1.0
46400 1.0
46403 1.0
46403 1.477 46391 1.0
46391 1.301
46403 1.0
46391 1.0
46403 1.0
46391 2.079 46403 1.698
46403 1.0
46403 1.477
46403 2.531 46391 1.602 46400 1.301
46391 2.361 46403 2.361 46400 2.079
46403 1.301 46391 1.0
46391 1.778 46403 1.477
46400 1.0 46403 1.0
46403 2.0 46391 1.0
46400 1.301 46403 1.0
46391 1.0
46403 2.301 46391 2.255 46400 1.301
46391 1.301
46403 1.602
46391 1.477
46391 1.698
46403 1.698
46400 1.301 46403 1.0
46400 1.0
46403 1.477
46391 1.0
46403 2.204
46403 1.477 46391 1.301 46400 1.301
46403 1.903 46400 1.477
46403 1.477
46400 1.0
46403 2.380 46400 2.0 46391 1.845
46391 1.0 46400 1.0 46403 1.0
