1 9 10 12 18 22 23 29 40 41 42 45 47 48 49 50 56 64 68 69 74 81 87 93 96 100 109 110 111 113 123 124 125 127 128 130 135 136 144 145 147 153 29 49 81 111 130 153
110 144 144
45 56 109 110 144 109 144
121 124 144 144
47 47
19 80 80
47 110 110
106 110 110
46 46
47 109 136 136
10 45 56 68 153 56 153
12 18 74 110 130 74 130
18 109 109
57 57
110 110
46 46
64 109 110 144 110 144
10 10
144 144
27 29 46 100 104 109 111 134 104 134
12 136 136
144 144
75 75
96 135 135
1 5 13 18 41 75 123 18 123
45 109 109
110 110
135 135
1 59 144 144
1 136 136
49 49
48 56 69 100 124 69 124
44 44
144 144
5 19 46 57 97 104 105 121 136 57 105 136
1 45 47 57 81 109 110 143 153 57 110 153
1 1
56 105 105
83 113 113
1 109 109
18 18
110 110
1 6 9 10 18 69 110 146 147 10 110 147
1 47 144 144
13 56 56
97 97
97 97
50 74 74
44 110 124 152 124 152
47 47
75 75
68 74 147 147
1 9 10 18 19 42 45 46 56 110 113 136 144 19 56 144
136 144 144
18 45 110 130 144 110 144
110 110
1 5 6 10 13 18 19 23 24 27 36 40 41 44 45 46 47 48 50 56 57 58 64 68 69 74 75 80 81 96 97 100 104 105 106 109 110 113 121 123 125 127 130 134 135 136 140 144 145 153 23 45 58 81 109 130 153
153 153
10 12 42 45 64 109 110 136 64 136
18 18
47 47
19 45 47 57 104 110 57 110
9 24 29 40 47 56 87 130 146 40 87 146
45 56 56
18 18
47 47
144 144
111 111
64 134 134
45 45
12 12
9 23 44 128 146 44 146
6 6
9 12 19 23 24 37 42 71 75 82 83 85 87 108 113 139 143 144 146 147 152 37 83 139 152
1 1
45 45
1 10 23 40 44 45 46 56 80 81 123 130 144 145 44 80 144
1 1
110 110
6 6
1 105 105
143 143
1 109 109
18 44 44
1 1
1 1
1 5 6 9 12 23 42 45 47 104 105 109 110 123 144 145 147 12 47 110 147
97 97
11 30 40 44 58 110 44 110
29 69 74 124 144 74 144
1 9 10 40 45 46 47 49 56 59 81 104 106 109 110 121 123 130 136 144 146 153 46 81 121 146
74 74
45 45
45 45
1 1
1 1
18 105 105
9 147 147
1 5 11 145 151 11 151
109 109
5 47 49 81 94 104 109 111 94 111
5 13 38 65 66 98 138 65 138
47 47
19 19
23 87 87
144 144
49 56 56
1 42 42
1 1
56 56
45 45
97 97
97 97
108 108
47 48 74 78 80 81 94 95 100 109 78 94 109
44 44
105 105
59 59
5 5
127 145 145
45 104 104
42 46 56 56
145 145
87 87
1 10 12 18 19 23 42 44 45 47 56 57 64 75 80 81 104 109 110 111 136 144 23 56 81 136
1 57 57
12 110 110
1 18 29 42 45 46 47 57 109 110 144 42 47 110
45 75 144 144
105 113 113
56 83 83
110 110
105 105
12 121 121
18 56 56
40 110 110
45 125 135 135
23 23
45 47 59 59
45 45
110 110
144 144
110 145 145
14 18 40 47 48 58 65 66 80 82 92 93 100 109 111 123 48 80 100 123
23 109 109
18 18
6 9 23 45 135 147 45 147
44 44
105 105
19 19
1 80 110 145 110 145
110 110
78 81 94 109 94 109
23 27 45 59 109 45 109
18 18
125 135 153 153
144 144
6 6
18 47 105 105
1 1
6 6
40 40
109 109
125 125
127 127
97 97
110 110
58 58
110 144 144
14 23 23
136 136
48 48
153 153
69 97 97
27 77 80 97 110 80 110
10 29 45 47 109 110 123 124 136 144 145 153 109 136 153
1 1
10 68 135 153 135 153
1 144 144
1 22 44 45 47 57 64 81 96 109 110 111 125 127 135 57 110 135
153 153
130 130
1 1
13 110 110
145 145
5 59 111 111
144 144
144 144
18 105 105
123 123
49 49
93 93
69 69
9 12 29 45 50 56 110 45 110
124 124
45 45
135 135
124 124
1 1
11 11
13 13
64 64
23 45 109 110 136 109 136
45 45
22 22
121 136 136
19 57 57
145 145
22 98 98
109 110 144 144
144 144
136 136
10 44 45 134 45 134
1 97 104 136 104 136
18 135 136 136
110 110
9 9
10 45 75 110 130 135 145 110 145
144 144
23 41 41
44 44
144 144
45 45
18 59 97 97
110 110
121 121
97 97
97 97
10 10
23 56 127 127
81 97 139 139
23 87 87
109 109
144 144
110 134 134
144 144
12 18 22 66 82 110 128 66 128
105 105
11 11
1 1
68 68
42 75 75
126 130 130
47 47
105 105
85 85
1 144 144
1 1
110 110
83 83
81 109 110 110
45 76 80 80
1 49 96 125 135 153 125 153
136 136
136 136
19 57 97 97
9 10 23 40 74 96 125 135 147 40 125 147
142 142
9 10 12 18 19 23 45 56 58 68 74 110 123 125 127 130 134 144 145 146 147 153 23 74 130 147
46 48 56 69 100 130 136 69 136
59 59
45 45
10 19 44 44
110 110
10 37 37
45 45
10 40 44 123 144 153 123 153
12 12
105 105
12 12
97 97
29 110 110
12 12
1 1
110 110
136 136
42 42
42 45 45
1 10 23 56 123 23 123
44 127 127
110 110
110 110
10 144 153 153
1 147 147
68 68
127 127
22 22
98 98
5 57 97 97
5 5
18 22 27 44 45 53 71 74 86 96 98 125 127 128 135 139 143 145 147 45 86 127 143
19 23 57 97 57 97
109 109
56 124 124
10 136 136
105 105
136 136
104 104
45 109 110 136 110 136
42 47 105 109 105 109
44 44
5 19 47 57 113 47 113
57 57
1 1
57 110 110
13 19 57 97 109 57 109
47 47
144 144
1 6 6
127 127
47 47
69 69
1 47 47
11 12 13 14 18 22 23 24 27 36 37 38 41 50 53 56 65 66 71 74 83 85 86 87 89 93 98 104 108 113 126 130 138 139 142 143 145 146 147 151 152 23 41 71 89 126 145
145 145
1 46 105 105
1 47 47
1 10 12 144 12 144
45 46 68 68
22 96 127 144 127 144
5 97 97
96 96
138 138
49 109 109
18 18
144 144
46 80 81 104 153 81 153
144 144
49 82 97 109 127 97 127
59 59
18 18
147 147
147 147
45 45
47 47
1 145 145
18 29 46 48 83 100 105 113 130 142 144 48 105 142
23 75 82 113 146 147 113 147
12 23 56 80 130 56 130
136 136
144 144
109 109
12 12
42 75 75
1 1
10 59 59
59 123 144 144
97 97
5 19 46 57 104 105 121 136 104 136
45 136 153 153
11 100 100
18 18
1 1
6 105 105
104 136 136
56 56
127 127
127 127
110 134 145 145
109 109
144 144
45 45
1 1
144 144
82 82
9 23 144 144
110 110
145 145
125 125
78 81 94 109 94 109
45 75 75
82 82
42 45 50 75 50 75
109 109
24 36 37 53 71 82 83 85 86 87 89 108 143 152 71 86 143
130 130
47 47
110 110
13 23 24 36 37 53 71 82 83 86 110 113 139 146 147 53 110 147
56 110 110
126 126
1 10 11 12 14 18 19 23 27 30 38 40 41 45 47 48 56 57 58 64 65 66 74 76 77 78 80 81 92 93 94 95 96 100 109 110 111 123 125 126 127 130 134 135 140 145 147 153 27 56 77 96 127 153
5 5
144 144
45 110 110
45 45
45 56 82 97 123 82 123
105 105
47 47
66 66
81 81
10 10
1 1
18 18
46 109 110 111 124 110 124
47 130 130
153 153
1 57 57
29 80 80
1 1
12 23 49 81 109 130 136 81 136
97 97
46 105 109 145 109 145
97 97
23 128 128
1 12 18 49 18 49
1 18 23 42 56 109 121 123 124 125 130 144 56 124 144
57 57
12 18 23 40 45 110 123 130 45 130
144 144
18 18
110 110
40 47 47
47 111 111
105 105
57 57
144 144
152 152
110 110
18 22 23 97 104 127 136 97 136
36 71 81 144 147 81 147
75 75
105 105
135 135
66 128 128
24 24
110 110
18 18
45 45
144 144
128 128
53 53
130 130
136 136
1 12 18 46 47 49 58 69 80 81 104 105 109 121 124 130 142 145 47 80 109 142
49 49
110 110
68 144 144
134 134
56 85 85
19 110 110
110 110
18 18
10 10
5 49 49
45 45
18 136 136
144 144
153 153
10 10
40 83 113 125 113 125
109 109
24 24
81 109 109
97 97
1 27 121 121
104 104
97 97
42 144 144
109 109
97 97
59 59
45 45
10 18 18
109 144 144
50 59 74 82 96 106 110 125 135 140 153 82 110 140
13 80 80
10 10
10 10
110 136 136
136 136
1 18 23 40 44 45 49 56 123 130 144 40 49 130
56 56
12 12
18 18
1 1
45 45
134 134
1 6 19 42 47 69 75 42 75
110 110
110 110
46 109 109
11 93 123 140 123 140
68 68
144 144
110 110
130 130
18 48 76 77 80 121 124 127 80 127
1 65 65
5 5
153 153
29 40 40
6 69 76 77 78 92 94 95 96 99 101 102 103 125 132 133 135 78 96 103 135
1 5 6 12 47 80 81 89 104 109 111 124 147 47 104 147
76 77 81 92 94 95 109 92 109
50 64 74 80 81 109 111 80 111
121 121
5 5
145 145
48 80 109 145 109 145
45 45
110 110
1 1
81 81
1 6 69 82 109 69 109
105 105
96 125 135 135
1 46 46
74 110 110
45 110 110
136 136
42 59 69 96 110 125 135 144 110 144
136 136
12 27 47 50 64 104 123 125 144 145 50 123 145
12 18 23 56 145 23 145
1 1
9 10 11 59 83 113 138 145 146 59 138 146
5 5
47 144 144
109 109
19 19
23 45 45
113 113
1 1
136 136
5 6 75 104 105 145 104 145
18 18
1 5 6 9 10 13 18 19 23 27 40 41 42 44 45 46 47 56 57 59 64 66 68 69 74 75 83 96 97 104 105 109 110 111 121 123 125 127 128 130 134 135 140 144 145 153 19 45 66 97 123 140
144 144
111 111
47 48 140 140
136 136
10 19 19
75 75
136 136
74 74
11 11
13 19 24 110 111 130 110 130
18 45 56 145 56 145
111 111
95 109 109
59 59
80 109 109
9 11 13 18 19 23 27 40 42 48 50 56 75 81 93 96 97 105 109 110 111 113 121 123 124 125 130 135 136 145 146 147 27 75 109 124 146
47 47
18 18
110 136 136
45 82 87 87
110 110
30 50 58 83 109 113 83 113
135 135
40 47 59 104 123 59 123
6 10 42 110 113 42 113
68 140 145 145
105 105
11 29 50 64 66 74 93 123 66 123
136 136
45 45
10 58 58
29 29
109 109
144 144
110 110
81 81
1 45 110 136 110 136
110 110
1 56 110 110
110 110
49 97 136 136
97 97
5 6 97 106 124 136 106 136
6 6
56 56
29 42 65 68 75 96 110 135 142 151 68 110 151
40 40
40 45 100 110 121 123 110 123
50 57 57
105 105
105 105
59 64 97 134 97 134
68 68
105 105
1 10 18 19 23 42 44 46 47 56 97 136 144 153 23 47 144
23 29 45 47 81 109 110 127 81 127
47 47
105 105
81 109 109
47 144 144
1 45 45
130 130
41 41
104 104
41 41
56 56
144 144
1 1
1 5 12 57 110 127 136 144 153 57 136 153
18 109 110 144 110 144
121 121
110 110
110 136 136
1 45 109 125 109 125
136 136
10 110 110
45 45
121 121
153 153
45 109 121 123 121 123
12 45 110 144 110 144
29 29
110 110
68 68
121 121
10 144 144
23 82 82
109 109
29 47 47
57 105 105
125 125
45 45
29 29
10 10
68 68
1 1
18 18
109 110 136 144 136 144
49 97 97
97 97
1 1
1 1
110 110
5 45 110 110
42 75 75
142 142
10 45 110 136 144 110 144
5 5
5 5
97 97
59 59
22 144 144
10 109 136 136
46 47 75 105 75 105
1 10 18 23 27 123 23 123
1 6 9 12 18 19 23 27 29 30 37 40 42 44 45 46 47 48 49 56 57 58 64 69 76 77 78 80 81 82 92 94 95 96 97 100 104 105 109 110 111 113 121 123 124 125 127 130 134 135 136 144 145 153 27 45 58 81 100 121 135
9 10 11 12 13 14 18 23 24 36 44 45 56 64 65 66 68 74 85 87 89 93 108 110 123 126 130 134 138 142 144 151 153 18 56 85 123 144
104 104
1 10 11 12 27 41 42 44 50 59 66 69 74 75 80 83 93 113 138 140 41 66 83 140
50 145 145
9 10 23 40 47 58 59 87 100 123 136 146 47 100 146
47 47
105 105
45 105 105
44 68 80 125 126 130 135 136 144 125 135 144
47 47
75 75
45 45
19 46 47 83 113 144 83 144
58 109 109
40 45 45
127 127
13 42 56 75 87 110 75 110
144 144
45 110 144 144
56 130 130
19 19
58 96 110 125 135 153 125 153
10 45 45
1 12 18 19 22 29 45 47 50 56 87 97 104 110 121 123 125 127 134 136 144 146 29 87 123 144
12 144 144
1 9 10 12 18 19 22 23 27 40 44 45 47 48 49 50 56 57 64 68 69 75 96 100 110 113 121 123 125 127 128 130 134 135 136 144 145 146 147 22 47 64 110 128 145
5 5
123 123
105 105
105 105
13 66 135 135
1 5 29 46 48 56 74 100 105 121 46 74 121
46 46
18 18
110 110
136 136
29 29
59 59
6 6
1 5 5
6 6
56 144 147 147
1 1
97 97
97 97
144 144
18 153 153
130 130
1 1
110 110
18 18
45 45
125 125
97 97
10 10
153 153
110 110
37 37
45 45
109 109
45 45
110 110
18 18
1 12 18 40 47 69 110 123 127 130 144 40 110 130
1 12 18 45 144 18 144
30 66 81 109 127 81 127
29 29
45 45
5 22 104 104
47 47
144 144
40 47 136 136
96 135 135
110 110
109 136 136
110 110
144 144
109 109
1 5 59 111 121 123 111 123
110 110
83 113 113
18 18
10 12 12
128 128
27 27
110 110
1 127 127
12 45 136 136
1 1
47 47
18 44 57 127 57 127
6 6
6 6
110 110
1 1
97 153 153
59 106 124 124
5 11 74 77 80 136 77 136
104 104
19 82 110 123 110 123
13 24 37 41 56 64 98 126 130 138 140 145 151 56 130 151
97 97
59 97 97
104 104
1 12 22 23 59 96 121 23 121
45 45
13 56 56
50 50
143 143
74 74
110 110
87 87
14 14
23 23
11 11
98 98
9 9
45 45
38 38
130 130
126 126
37 37
68 68
10 10
145 145
44 44
85 85
139 139
96 96
18 38 66 125 140 144 146 125 146
138 138
18 18
24 24
53 53
128 128
153 153
65 65
64 134 134
68 68
41 41
142 142
93 93
128 128
18 18
44 44
108 108
146 146
36 36
12 12
140 140
82 82
66 66
135 135
45 45
10 10
45 45
89 89
151 151
86 86
147 147
71 71
27 27
113 113
152 152
45 45
10 10
97 97
97 104 104
68 68
10 10
92 111 111
105 105
1 29 109 127 109 127
22 22
6 6
18 80 81 130 144 81 144
1 10 50 110 135 50 135
105 105
45 110 135 136 144 153 136 153
68 68
6 6
1 6 12 23 24 36 37 45 53 59 71 82 83 86 87 89 104 108 113 136 139 143 144 145 152 36 71 89 139 152
1 1
19 19
68 68
44 44
81 110 110
10 30 58 97 104 110 127 144 153 97 127 153
10 10
12 12
5 5
105 105
1 6 12 18 59 110 113 135 144 146 147 153 59 144 153
45 45
18 18
44 44
69 69
1 1
9 40 42 45 110 144 146 45 146
69 69
97 97
59 59
59 106 106
74 128 128
108 108
105 105
135 135
110 110
45 136 136
1 1
12 104 104
1 1
144 144
104 104
110 110
18 18
124 124
22 22
123 123
97 97
36 36
109 109
59 59
144 144
104 104
1 9 10 11 12 13 14 23 24 27 29 30 37 38 41 42 45 47 56 57 58 64 65 66 74 76 77 78 80 81 82 94 95 96 98 109 110 111 121 123 125 126 130 134 138 140 144 145 147 151 153 23 41 64 80 109 130 151
144 144
75 75
109 109
30 58 92 109 111 92 111
6 23 41 42 46 47 56 75 125 130 144 145 46 125 145
47 47
45 45
130 135 136 144 153 136 153
50 50
130 130
110 110
144 144
10 110 111 111
144 144
105 105
97 97
13 14 24 66 24 66
1 1
110 110
57 144 144
30 58 96 96
5 83 83
1 82 87 144 87 144
5 5
29 29
5 29 69 80 81 139 80 139
5 5
109 109
74 74
13 13
104 104
1 1
109 109
29 29
47 110 144 144
109 136 136
42 44 44
11 12 13 14 24 27 37 38 41 65 66 74 82 93 95 98 109 126 130 136 138 140 142 145 151 27 66 98 138 151
144 144
105 105
1 23 42 47 48 56 57 75 78 80 81 96 100 105 110 125 130 144 48 78 100 130
22 22
44 49 59 97 144 59 144
6 13 105 105
13 14 23 47 53 140 145 151 53 151
59 81 109 153 109 153
145 145
97 97
1 1
19 49 49
104 129 146 146
1 10 11 29 45 110 123 134 136 144 145 151 45 136 151
11 12 13 24 27 37 41 45 66 74 82 83 87 93 109 138 140 146 27 66 87 140
83 83
29 113 113
1 47 144 144
69 69
109 121 121
10 10
77 81 81
48 100 100
5 97 97
1 136 136
10 81 81
5 5
1 1
47 47
1 6 9 10 11 12 13 18 19 22 23 24 27 29 30 37 40 41 42 44 45 46 47 49 50 56 57 58 59 64 66 68 69 74 80 81 82 83 93 96 97 100 104 109 110 111 113 121 123 124 125 127 128 130 135 136 140 144 145 146 147 153 19 40 50 69 97 123 140
18 18
1 19 45 59 93 97 59 97
110 136 153 153
45 48 110 136 153 110 153
64 64
12 59 59
6 68 127 140 144 145 140 145
6 6
1 29 56 56
40 40
136 136
1 23 24 40 42 44 45 46 47 50 56 59 64 74 75 80 81 82 83 96 104 109 110 123 130 136 144 145 146 147 153 45 64 83 130 153
10 14 23 37 47 71 75 87 98 108 109 110 123 144 147 71 109 147
1 69 97 110 97 110
144 144
1 45 109 109
10 13 23 49 56 64 83 110 113 130 134 135 56 113 135
144 144
144 144
110 110
11 12 13 23 27 40 41 45 56 74 82 93 96 109 110 125 127 135 136 144 145 153 40 82 125 145
56 56
42 75 130 144 130 144
104 110 130 144 130 144
18 18
45 110 136 144 136 144
136 136
110 110
23 59 144 144
121 144 144
10 12 80 96 125 147 153 96 153
1 49 56 127 56 127
18 109 109
45 45
64 64
36 36
59 59
29 125 125
29 56 56
125 125
144 144
19 23 23
74 74
49 105 105
68 76 80 80
105 105
105 105
1 10 110 110
110 110
123 123
110 110
130 130
144 144
10 36 71 85 86 89 108 139 143 146 152 85 108 146
23 24 37 53 82 83 87 113 147 53 87 147
13 47 104 136 104 136
23 50 89 108 113 89 113
10 12 18 23 29 40 47 56 59 74 96 100 109 110 121 124 125 135 136 147 153 40 96 124 153
74 74
97 97
1 5 10 11 13 19 40 45 50 66 74 82 83 97 104 113 145 147 13 50 83 145
59 110 110
18 110 110
1 13 18 27 48 56 81 83 100 109 113 142 48 100 142
110 110
105 105
82 82
144 144
45 45
68 68
140 144 144
97 97
82 105 105
97 97
19 19
64 134 134
110 110
10 47 110 135 147 153 135 153
47 47
45 59 59
46 46
144 144
111 111
109 109
121 121
1 97 97
29 147 147
97 106 106
110 110
110 110
127 134 134
42 42
146 146
66 66
66 66
1 1
110 110
13 13
110 110
130 136 136
45 45
42 75 75
18 40 110 130 110 130
27 27
153 153
109 109
123 123
6 6
104 104
46 69 111 123 124 111 124
29 40 57 57
1 5 10 22 45 47 97 104 121 123 127 144 145 45 121 145
82 82
130 153 153
125 144 147 147
44 44
10 10
13 18 23 24 36 37 45 53 71 81 85 87 89 108 109 152 36 71 89 152
56 56
18 110 144 144
109 144 144
68 68
1 18 69 69
42 75 104 109 145 104 145
6 9 10 56 121 123 124 127 130 143 144 56 124 143
153 153
12 13 23 24 37 41 45 56 98 110 123 126 130 138 145 151 37 98 130 151
19 136 136
18 109 121 130 121 130
144 144
145 145
42 75 129 129
1 56 56
18 40 40
110 110
110 110
125 125
1 1
68 68
10 19 147 147
58 125 153 153
74 74
36 37 53 71 82 83 85 86 89 108 143 152 82 89 152
11 12 13 14 18 24 27 37 38 41 65 74 98 126 138 145 151 18 38 98 151
87 87
1 104 104
12 18 23 45 56 64 123 144 145 45 123 145
23 71 113 143 147 113 147
110 110
59 82 82
42 46 75 105 144 75 144
24 24
124 124
23 36 86 125 135 139 125 139
18 56 109 110 109 110
5 23 29 40 45 47 59 82 104 113 40 59 113
5 5
105 105
123 123
144 144
45 45
110 110
29 29
29 29
23 109 110 130 110 130
46 128 128
1 56 123 135 123 135
9 135 135
9 23 24 29 36 37 40 53 64 71 82 83 85 86 87 89 108 113 139 143 147 152 37 82 89 147
145 145
147 147
97 97
42 42
57 110 121 121
127 127
5 110 110
18 18
144 144
109 144 144
1 57 57
6 6
49 85 89 108 147 152 108 152
45 45
44 44
42 42
144 144
109 109
12 109 110 110
5 80 81 100 136 81 136
1 1
56 110 136 136
45 45
10 10
105 105
18 47 47
5 12 18 23 40 46 49 56 69 121 123 124 130 136 144 145 40 69 130 145
147 147
136 136
37 56 144 144
5 48 80 81 95 100 109 111 145 81 109 145
45 45
45 45
66 66
1 1
23 41 41
12 13 27 93 123 130 145 93 145
42 75 75
153 153
40 50 130 130
6 111 136 144 136 144
13 14 24 27 37 41 65 66 74 82 93 98 126 138 140 142 151 37 74 126 151
56 123 145 145
47 47
1 1
111 111
105 105
10 10
45 92 100 111 144 100 144
59 59
136 136
110 110
135 135
45 45
1 30 56 58 100 111 123 58 123
45 45
1 1
110 110
56 56
18 18
97 97
1 9 10 12 18 19 22 23 29 40 42 44 45 46 47 48 49 50 56 57 58 59 64 68 69 75 80 81 96 100 105 109 110 111 113 121 123 124 125 127 128 130 134 135 136 144 145 146 147 153 23 47 59 96 121 134 153
1 10 12 18 19 23 29 38 57 66 123 130 134 19 57 134
144 144
105 105
1 18 59 124 59 124
74 74
47 47
29 45 76 77 92 94 95 77 95
42 45 49 80 136 144 80 144
45 45
12 12
1 29 100 111 100 111
97 97
23 56 81 109 81 109
93 93
59 59
96 109 110 125 135 153 125 153
10 10
18 40 64 123 130 144 123 144
29 153 153
1 47 47
110 121 121
1 64 110 134 144 153 134 153
29 29
136 136
136 136
153 153
110 110
109 109
1 1
59 59
42 57 57
59 59
44 46 47 66 97 110 66 110
45 45
59 75 144 144
23 29 44 46 50 71 108 113 144 46 108 144
12 13 23 56 106 138 145 56 145
110 110
45 45
127 127
9 10 12 18 23 40 41 45 56 66 74 83 93 96 113 125 128 130 135 145 146 147 153 40 74 125 146
9 18 37 40 113 128 146 147 113 147
75 75
45 45
110 110
49 57 59 106 59 106
1 6 19 19
1 1
46 105 105
47 47
42 75 75
136 136
45 45
18 111 123 136 123 136
6 123 136 136
1 1
11 13 14 24 27 37 38 41 65 66 74 82 93 98 126 138 139 140 142 151 37 74 138 151
29 147 147
110 110
1 29 47 110 144 47 144
135 135
109 130 130
47 47
13 56 93 106 109 144 146 151 109 151
144 144
144 144
18 100 121 121
104 104
45 136 136
109 109
109 109
1 1
45 45
144 144
47 47
1 10 64 96 134 64 134
1 110 144 153 144 153
144 144
97 97
5 6 97 97
144 144
136 144 144
44 49 59 59
97 97
6 69 69
41 50 68 83 113 68 113
136 136
110 110
110 110
110 110
110 110
75 75
9 23 110 129 146 110 146
144 144
109 109
81 109 109
45 127 127
1 104 104
144 144
97 97
12 59 97 97
97 97
40 40
1 1
96 125 135 153 135 153
1 1
40 40
121 121
44 44
45 81 109 130 109 130
59 59
48 100 100
105 105
59 59
123 123
130 130
1 75 75
9 10 12 23 45 96 97 110 125 128 129 146 147 153 45 125 147
24 24
136 136
97 97
109 109
45 45
104 104
45 45
18 23 45 56 110 45 110
135 136 136
44 46 134 146 134 146
147 147
6 6
123 123
22 44 56 128 134 56 134
12 23 123 123
110 110
47 47
46 105 105
110 136 136
104 104
6 6
6 6
49 49
1 1
59 92 111 144 111 144
47 47
47 47
29 45 45
105 105
130 130
57 57
10 10
97 97
10 45 68 109 68 109
89 89
144 144
10 10
105 105
110 144 144
75 110 110
49 49
47 47
59 59
11 18 23 29 41 64 29 64
144 144
151 151
10 10
10 64 134 134
129 146 146
82 144 144
1 1
143 143
45 45
44 110 128 128
10 64 97 134 97 134
66 66
10 97 97
104 127 127
11 14 18 24 27 37 38 41 65 74 98 126 138 145 151 37 98 151
105 105
12 27 45 47 81 110 136 144 81 144
1 12 18 29 45 46 49 64 81 109 110 111 127 135 136 144 45 81 127 144
1 5 6 9 10 12 18 19 23 29 40 44 45 46 47 48 49 56 57 58 59 64 68 69 74 75 80 81 83 96 97 100 104 105 106 109 110 111 113 121 123 124 125 127 128 130 134 135 136 144 145 147 153 19 47 64 83 109 125 144
1 6 75 96 144 153 96 153
144 144
47 136 144 144
1 45 47 49 106 109 147 49 147
110 110
12 97 145 145
42 45 75 96 109 110 144 153 109 153
110 110
110 110
1 12 42 45 59 109 121 125 130 144 45 121 144
45 110 110
23 23
18 18
153 153
6 18 59 123 59 123
144 144
1 6 45 45
37 41 46 83 89 98 110 113 152 83 110 152
23 23
5 83 97 104 130 144 104 144
1 1
109 109
10 10
1 10 45 49 109 147 49 147
1 6 9 10 12 18 19 22 23 24 29 37 40 42 44 45 46 47 48 49 56 57 58 59 66 74 75 80 81 82 95 96 100 104 106 109 110 111 113 121 123 125 127 130 134 135 136 144 145 146 147 153 22 44 57 81 109 127 146
23 45 49 59 127 49 127
144 144
18 40 109 136 144 153 136 153
97 97
42 49 75 75
19 46 105 105
75 75
86 86
1 6 19 69 121 19 121
18 18
147 147
1 6 10 42 45 46 69 96 100 110 124 125 135 153 45 100 135
47 47
130 130
97 97
1 45 47 59 100 121 59 121
64 64
44 44
49 49
44 109 109
110 110
29 29
42 45 144 144
105 105
110 110
40 40
29 29
109 110 110
71 71
45 45
13 37 45 49 50 56 83 86 95 109 113 127 144 145 50 95 144
9 129 146 146
81 109 109
12 12
45 45
144 144
42 42
1 10 29 47 57 109 128 144 57 144
42 42
110 110
68 68
110 110
18 27 29 44 50 64 93 97 134 44 93 134
27 144 153 153
110 144 144
140 140
109 109
42 109 109
10 18 23 29 40 42 45 56 59 109 110 111 121 125 136 42 110 136
104 104
1 105 105
1 5 18 19 44 45 46 49 57 58 69 76 92 94 95 97 104 105 109 111 121 123 124 127 46 92 109 127
19 46 104 105 121 136 105 136
104 110 110
68 68
5 5
110 110
47 56 97 105 110 123 145 105 145
45 45
110 110
110 110
18 44 44
6 18 18
110 110
46 59 59
49 59 68 68
5 5
130 153 153
1 1
66 66
110 110
9 9
11 13 14 24 27 36 37 38 41 53 65 66 69 71 74 82 83 85 86 87 89 93 98 108 126 138 139 140 142 143 151 152 37 69 86 126 151
1 18 19 29 40 45 46 47 49 69 81 82 109 110 111 121 127 130 135 144 145 45 81 121 145
49 106 106
45 45
45 110 144 144
10 10
45 45
110 110
110 144 144
144 144
127 127
109 109
109 109
81 109 109
1 30 44 46 58 59 69 76 77 78 80 81 92 94 95 104 109 111 124 138 144 59 80 104 144
1 46 48 69 100 48 100
136 136
46 46
12 110 110
1 1
1 6 10 45 47 69 105 106 109 121 144 145 147 47 109 147
18 127 127
18 18
110 144 144
5 6 19 97 19 97
5 5
45 46 113 125 144 113 144
18 45 136 136
1 42 46 50 75 105 109 110 113 125 134 136 145 75 113 145
111 136 136
45 57 57
45 144 144
109 109
128 128
109 109
47 47
152 152
1 12 18 19 42 45 56 64 75 104 121 123 128 136 144 146 42 75 128 146
78 81 109 109
144 144
109 109
144 144
1 12 42 45 46 47 48 59 69 75 83 96 100 105 109 110 125 135 144 46 69 100 125
44 47 47
10 10
47 47
104 121 144 144
10 10
47 47
110 110
1 10 12 18 23 42 44 45 75 110 136 144 23 75 144
125 125
125 125
140 145 145
5 5
5 5
5 5
1 10 11 12 18 23 27 37 38 40 45 46 47 48 56 65 69 74 82 93 98 100 105 109 110 121 123 124 126 130 138 140 142 145 151 37 56 100 126 151
18 69 121 121
100 100
97 97
19 19
144 144
58 59 81 110 81 110
1 78 80 81 96 110 144 81 144
110 144 144
110 110
24 74 74
140 140
48 100 125 125
105 105
1 1
